~o <StreamInfo> 1 25
<VecSize> 25
<nulld>
<mfcc_D_N_Z_0>
<diagc>
~h "a"
<BeginHMM>
<NumStates> 5
<State> 2
<Mean> 25
 7.012352e+00 -2.979022e+00 -7.633726e+00 -5.258582e+00 -2.456906e+00 1.835636e+00 -1.735059e-01 -1.924895e+00 1.349197e+00 -2.760575e-01 -1.162634e+00 -3.519128e+00 1.773458e-01 -5.312256e-01 -6.632901e-01 -4.237381e-01 2.665097e-01 3.657737e-01 6.190945e-02 -1.049230e-01 -4.236151e-02 -3.534445e-01 -6.440098e-01 -6.574714e-01 2.877030e-01
<Variance> 25
 3.128550e+01 4.204000e+01 3.845963e+01 4.258167e+01 6.544428e+01 7.407164e+01 5.543361e+01 7.006049e+01 5.490562e+01 5.530413e+01 5.605448e+01 6.933252e+01 2.762365e+00 2.775394e+00 3.130776e+00 3.768521e+00 4.854269e+00 4.069052e+00 3.841036e+00 4.477458e+00 4.129359e+00 3.925927e+00 3.499172e+00 3.904270e+00 3.510068e+00
<GConst> 1.105531e+02
<State> 3
<Mean> 25
 7.367403e+00 -3.815864e+00 -9.137753e+00 -5.945957e+00 9.235415e-01 3.819665e+00 -1.272374e+00 -4.148387e+00 9.978158e-02 -2.161927e+00 -4.872160e+00 -4.533283e+00 -1.170026e-01 2.370638e-01 8.509131e-02 1.685416e-01 4.160301e-01 2.310398e-01 3.135405e-02 -6.503313e-02 -1.720174e-01 -5.367975e-02 -1.341347e-01 7.548619e-03 -5.653178e-01
<Variance> 25
 2.404413e+01 4.174104e+01 2.832906e+01 4.131524e+01 5.757056e+01 5.935747e+01 6.178703e+01 7.105551e+01 5.937508e+01 5.381002e+01 5.417476e+01 6.823101e+01 3.541031e-01 7.712612e-01 7.876600e-01 1.085197e+00 1.444994e+00 1.503167e+00 1.459428e+00 1.703612e+00 1.634049e+00 1.555940e+00 1.564899e+00 1.482678e+00 5.751766e-01
<GConst> 9.418501e+01
<State> 4
<Mean> 25
 4.140689e+00 3.295086e-01 -5.250004e+00 -1.351545e+00 5.944988e+00 7.113794e+00 2.621648e+00 -2.283850e-01 -1.005387e-01 -3.503388e-01 -2.371459e+00 -2.931521e+00 -1.639296e+00 2.998535e-01 1.165580e+00 1.124401e+00 1.033338e+00 5.310560e-01 8.118677e-01 1.340810e+00 5.913208e-01 9.981868e-01 7.800348e-01 1.015463e+00 -2.304733e+00
<Variance> 25
 2.969035e+01 3.203740e+01 3.757452e+01 4.026691e+01 5.753608e+01 5.851743e+01 5.539743e+01 7.036885e+01 5.416962e+01 4.913114e+01 4.606850e+01 5.052359e+01 1.724508e+00 3.019222e+00 2.925088e+00 3.298421e+00 4.561778e+00 4.048756e+00 3.696788e+00 4.471885e+00 4.644714e+00 3.817328e+00 4.195076e+00 4.511648e+00 2.030110e+00
<GConst> 1.083178e+02
<TransP> 5
 0.000000e+00 1.000000e+00 0.000000e+00 0.000000e+00 0.000000e+00
 0.000000e+00 7.418310e-01 2.581690e-01 0.000000e+00 0.000000e+00
 0.000000e+00 0.000000e+00 9.192054e-01 8.079463e-02 0.000000e+00
 0.000000e+00 0.000000e+00 0.000000e+00 6.814540e-01 3.185460e-01
 0.000000e+00 0.000000e+00 0.000000e+00 0.000000e+00 0.000000e+00
<EndHMM>
~h "a~"
<BeginHMM>
<NumStates> 5
<State> 2
<Mean> 25
 9.095137e+00 -2.203056e-01 -8.936619e+00 -1.084569e+01 -5.134932e+00 3.991194e+00 -1.868038e+00 -4.759663e+00 7.945890e-01 -2.411684e+00 -2.907128e+00 -1.151162e+00 7.203475e-01 2.971535e-01 -1.255492e+00 -1.897858e+00 -8.283945e-01 8.103669e-01 5.664784e-01 3.636476e-01 -4.756552e-03 -9.976090e-01 -5.581822e-01 4.151426e-01 -4.174624e-02
<Variance> 25
 1.749307e+01 3.716452e+01 3.482051e+01 5.574948e+01 4.815689e+01 6.741021e+01 5.814341e+01 1.168415e+02 6.205349e+01 6.382003e+01 5.462268e+01 5.077161e+01 1.439652e+00 3.210111e+00 2.354365e+00 3.528859e+00 3.600536e+00 5.668289e+00 3.898309e+00 6.835188e+00 4.761055e+00 4.285562e+00 4.800001e+00 3.803439e+00 1.860027e+00
<GConst> 1.096034e+02
<State> 3
<Mean> 25
 8.931718e+00 1.608645e+00 -8.607558e+00 -1.100994e+01 -4.463214e+00 4.489596e+00 -3.830271e-01 -1.208265e+00 -4.827042e-01 -6.502812e+00 -5.229817e+00 -4.844996e-01 -1.455637e-01 3.218257e-01 2.176250e-01 1.885336e-01 6.645675e-02 -1.540690e-01 7.483076e-02 3.389423e-01 -9.314412e-02 -6.581261e-02 -1.346382e-02 -5.905973e-02 -5.797397e-01
<Variance> 25
 1.612170e+01 4.047465e+01 4.145964e+01 4.914181e+01 6.640501e+01 7.085328e+01 6.845530e+01 1.114771e+02 8.242561e+01 7.196158e+01 5.320221e+01 4.469820e+01 2.967423e-01 6.663777e-01 8.955244e-01 1.236942e+00 1.332760e+00 1.680405e+00 1.571381e+00 1.850513e+00 1.633946e+00 1.862393e+00 1.681957e+00 1.645946e+00 4.541668e-01
<GConst> 9.560271e+01
<State> 4
<Mean> 25
 4.378277e+00 5.394089e+00 -2.937722e+00 -4.551430e+00 -9.070379e-01 4.307205e+00 1.933416e+00 3.227971e+00 2.784158e-01 -2.822152e+00 -2.625940e+00 -3.148193e-01 -1.632989e+00 -1.069357e-01 9.729884e-01 1.707665e+00 1.415399e+00 8.023561e-01 7.532250e-01 5.775110e-01 4.125656e-01 1.061066e+00 7.858846e-01 4.249211e-01 -1.734150e+00
<Variance> 25
 2.815375e+01 2.452315e+01 3.744392e+01 6.026536e+01 6.807320e+01 5.778522e+01 5.221878e+01 8.420313e+01 7.759696e+01 6.832147e+01 5.632834e+01 4.752349e+01 1.505799e+00 2.407755e+00 2.948732e+00 3.550345e+00 4.016131e+00 3.999486e+00 3.849616e+00 4.748544e+00 4.485851e+00 4.825432e+00 4.080261e+00 3.542801e+00 1.411326e+00
<GConst> 1.087492e+02
<TransP> 5
 0.000000e+00 1.000000e+00 0.000000e+00 0.000000e+00 0.000000e+00
 0.000000e+00 3.578044e-01 6.421956e-01 0.000000e+00 0.000000e+00
 0.000000e+00 0.000000e+00 8.279918e-01 1.720082e-01 0.000000e+00
 0.000000e+00 0.000000e+00 0.000000e+00 7.609181e-01 2.390819e-01
 0.000000e+00 0.000000e+00 0.000000e+00 0.000000e+00 0.000000e+00
<EndHMM>
~h "b"
<BeginHMM>
<NumStates> 5
<State> 2
<Mean> 25
 7.689641e+00 1.722319e+00 -1.363973e-01 -2.640598e-03 1.678266e+00 2.869771e+00 -1.298111e+00 -4.996102e+00 -2.954863e+00 3.125000e-01 -1.008293e-02 -1.815345e+00 -2.580004e-02 -6.294201e-02 -1.338359e-01 4.148544e-03 -4.275399e-02 3.080156e-02 -1.225948e-01 9.896912e-02 1.780342e-02 -1.880499e-02 6.501876e-02 6.966897e-02 -2.170379e-02
<Variance> 25
 2.669629e+01 3.500413e+01 6.544556e+01 5.836623e+01 4.378687e+01 5.100664e+01 5.050633e+01 5.286436e+01 5.417112e+01 4.704702e+01 4.768966e+01 3.196577e+01 2.287363e+00 2.477423e+00 4.425571e+00 4.495457e+00 4.280878e+00 4.014510e+00 4.240598e+00 5.112564e+00 4.822075e+00 3.552158e+00 3.570213e+00 2.833451e+00 4.384492e+00
<GConst> 1.090872e+02
<State> 3
<Mean> 25
 6.783481e+00 -6.919170e-01 -2.436771e+00 -4.722689e-01 1.088688e+00 1.345789e+00 -3.280230e+00 -2.655539e+00 -6.842342e-01 1.523287e+00 3.846619e-01 -1.972179e+00 -4.770889e-01 -1.733645e+00 -6.815286e-01 -7.414880e-01 -1.785028e+00 -5.190210e-01 -7.622072e-01 1.238367e+00 5.579967e-01 1.316921e-01 -1.967893e-01 -1.291948e-01 2.815468e+00
<Variance> 25
 3.115907e+01 3.590513e+01 5.954268e+01 6.169405e+01 4.102158e+01 5.713250e+01 5.119719e+01 3.856527e+01 4.461511e+01 4.609966e+01 4.506576e+01 2.990891e+01 3.011061e+00 3.937660e+00 8.036702e+00 6.642163e+00 6.199451e+00 5.978019e+00 5.843546e+00 5.797891e+00 7.135814e+00 5.631546e+00 5.305307e+00 4.207616e+00 4.296083e+00
<GConst> 1.132010e+02
<State> 4
<Mean> 25
 6.349779e+00 -4.083282e+00 -7.505645e-01 -5.210206e-01 -4.231804e+00 -1.306616e+00 -4.075048e+00 4.771600e-01 -9.437981e-01 6.994043e-01 -9.993488e-01 -1.721681e+00 -8.605151e-01 -7.742579e-01 7.702355e-01 -6.897376e-01 -2.054895e+00 -1.117162e-01 3.415564e-01 7.244406e-01 -3.905865e-01 -4.268828e-01 -3.019305e-01 2.349955e-01 1.707969e+00
<Variance> 25
 1.897286e+01 3.707467e+01 9.368465e+01 6.989852e+01 5.879674e+01 6.961926e+01 5.448338e+01 4.685399e+01 6.328527e+01 5.327814e+01 4.753565e+01 3.493789e+01 1.996098e+00 2.722398e+00 6.186840e+00 5.111393e+00 7.004079e+00 4.648487e+00 5.084657e+00 5.349384e+00 5.433978e+00 5.699137e+00 4.589434e+00 3.559385e+00 2.442886e+00
<GConst> 1.120425e+02
<TransP> 5
 0.000000e+00 1.000000e+00 0.000000e+00 0.000000e+00 0.000000e+00
 0.000000e+00 5.906903e-01 4.093097e-01 0.000000e+00 0.000000e+00
 0.000000e+00 0.000000e+00 3.432766e-01 6.567234e-01 0.000000e+00
 0.000000e+00 0.000000e+00 0.000000e+00 2.270576e-01 7.729424e-01
 0.000000e+00 0.000000e+00 0.000000e+00 0.000000e+00 0.000000e+00
<EndHMM>
~h "d"
<BeginHMM>
<NumStates> 5
<State> 2
<Mean> 25
 3.503378e-01 4.741669e+00 2.296878e+00 3.682803e+00 9.996696e-01 -1.806082e+00 -1.326482e-01 -1.948185e+00 -1.055390e+00 -1.327674e+00 -2.042485e+00 -2.101786e-01 -2.060731e-01 -1.947322e-01 9.164243e-02 -5.260447e-03 -3.364746e-01 -2.071609e-01 -6.546648e-02 2.123988e-01 -4.619543e-02 -6.636056e-02 2.844021e-01 1.652479e-01 4.394555e-01
<Variance> 25
 8.053693e+01 3.738235e+01 5.364021e+01 3.685946e+01 5.709581e+01 4.258144e+01 4.400225e+01 5.662304e+01 5.048286e+01 3.796191e+01 4.271218e+01 2.881879e+01 5.470755e+00 3.153220e+00 3.341098e+00 2.758765e+00 4.757528e+00 3.365588e+00 3.470017e+00 4.812994e+00 4.094734e+00 3.092472e+00 3.658207e+00 2.631005e+00 4.898389e+00
<GConst> 1.088864e+02
<State> 3
<Mean> 25
 1.630185e+00 1.798886e+00 1.010679e+00 3.357164e+00 -1.987211e+00 -4.276811e+00 -2.079278e+00 -1.238354e+00 1.948786e-01 -1.282629e+00 -2.060554e-02 3.847162e-01 1.823255e-01 -1.556344e+00 -2.176885e-01 -1.497371e+00 -2.710529e+00 -8.122427e-01 -5.046796e-01 3.979909e-01 7.622181e-02 6.412939e-01 7.204027e-01 5.744614e-01 2.932840e+00
<Variance> 25
 1.805858e+01 2.156355e+01 3.989889e+01 3.182616e+01 5.345293e+01 4.057421e+01 3.907601e+01 3.452749e+01 3.998484e+01 3.339524e+01 3.581211e+01 2.478435e+01 3.358165e+00 2.873894e+00 4.659521e+00 3.334528e+00 5.550995e+00 4.191075e+00 5.103636e+00 5.679774e+00 5.319023e+00 5.687008e+00 4.756114e+00 3.075163e+00 3.933275e+00
<GConst> 1.069186e+02
<State> 4
<Mean> 25
 3.201563e+00 -1.033349e+00 2.456986e-01 -5.437850e-01 -7.517006e+00 -4.931391e+00 -2.998309e+00 -1.906266e-01 9.876611e-01 8.818426e-01 -5.898459e-01 4.495673e-01 2.699716e-01 -1.065106e+00 -3.082985e-01 -1.661436e+00 -1.545617e+00 4.073411e-01 -4.073790e-02 3.517898e-01 1.779870e-01 7.647919e-01 -9.440438e-02 -3.226796e-01 1.484586e+00
<Variance> 25
 1.218942e+01 2.359895e+01 5.672543e+01 3.837572e+01 6.018944e+01 4.761779e+01 5.047384e+01 5.060333e+01 5.569476e+01 4.826867e+01 4.183371e+01 2.754338e+01 1.443849e+00 1.846686e+00 4.327269e+00 3.021548e+00 5.390585e+00 3.664151e+00 4.577233e+00 4.917812e+00 4.400466e+00 5.012358e+00 4.229690e+00 2.893227e+00 1.515683e+00
<GConst> 1.057093e+02
<TransP> 5
 0.000000e+00 1.000000e+00 0.000000e+00 0.000000e+00 0.000000e+00
 0.000000e+00 6.138682e-01 3.861318e-01 0.000000e+00 0.000000e+00
 0.000000e+00 0.000000e+00 3.319343e-01 6.680657e-01 0.000000e+00
 0.000000e+00 0.000000e+00 0.000000e+00 2.591244e-01 7.408756e-01
 0.000000e+00 0.000000e+00 0.000000e+00 0.000000e+00 0.000000e+00
<EndHMM>
~h "e"
<BeginHMM>
<NumStates> 5
<State> 2
<Mean> 25
 2.240957e+00 -2.947041e+00 5.298359e+00 -3.101433e+00 -1.159791e+01 -4.926066e+00 -7.153656e-01 1.153879e-01 -1.615265e+00 1.531220e+00 -5.124658e-03 4.115896e-01 9.897418e-02 -1.083600e-01 1.841151e-01 -1.651637e-01 -1.622411e-01 -4.230117e-02 4.300152e-02 7.466897e-02 -1.245417e-01 2.253177e-02 -2.742849e-02 5.151866e-02 3.280146e-02
<Variance> 25
 1.062635e+01 2.393208e+01 3.742899e+01 3.894263e+01 4.207176e+01 4.888705e+01 4.365360e+01 5.216464e+01 4.299909e+01 5.942843e+01 4.398895e+01 2.648120e+01 8.717116e-01 1.543546e+00 2.009393e+00 2.232098e+00 2.915137e+00 2.378620e+00 2.814747e+00 2.659365e+00 2.557374e+00 2.626529e+00 2.130943e+00 1.722877e+00 1.214022e+00
<GConst> 9.818201e+01
<State> 3
<Mean> 25
 3.627248e+00 -2.220436e+00 5.042608e+00 -3.660092e-01 -8.896392e+00 -5.202457e+00 -1.503880e+00 8.902301e-01 -1.521739e+00 7.248281e-01 -2.320406e-01 8.130426e-01 1.946034e-01 1.082653e+00 2.172701e-01 1.061953e+00 1.891663e+00 5.705202e-02 -1.957804e-02 -4.475736e-01 2.191237e-02 -3.876323e-01 -2.040189e-01 1.776095e-02 -1.867889e+00
<Variance> 25
 1.093980e+01 2.724065e+01 3.983645e+01 3.517656e+01 4.418499e+01 4.721638e+01 4.857442e+01 4.820003e+01 4.666919e+01 5.078135e+01 3.969267e+01 2.574868e+01 1.746493e+00 2.129078e+00 2.576860e+00 2.471757e+00 3.325300e+00 3.456285e+00 4.162255e+00 4.012488e+00 3.605190e+00 3.815033e+00 3.045631e+00 2.578093e+00 2.395545e+00
<GConst> 1.029687e+02
<State> 4
<Mean> 25
 2.131726e+00 1.036754e+00 4.140725e+00 1.715030e+00 -3.308628e+00 -4.586724e+00 -8.454771e-01 -2.253345e-01 -1.079889e+00 -2.342084e-01 -4.174529e-01 4.851554e-01 -6.474293e-01 1.076422e+00 -7.415224e-02 5.536984e-01 1.757586e+00 3.773285e-01 1.866683e-01 -4.020680e-01 1.884095e-02 -8.863166e-02 1.405125e-02 -4.986112e-02 -1.260484e+00
<Variance> 25
 4.128199e+01 3.664208e+01 4.406059e+01 3.383928e+01 5.013905e+01 4.915705e+01 5.141675e+01 5.032069e+01 4.702813e+01 4.000126e+01 3.707613e+01 2.628908e+01 5.440012e+00 4.385148e+00 3.491917e+00 3.204393e+00 5.552065e+00 4.108667e+00 4.622239e+00 6.196129e+00 4.332491e+00 4.135835e+00 4.028057e+00 2.945467e+00 3.628662e+00
<GConst> 1.093830e+02
<TransP> 5
 0.000000e+00 1.000000e+00 0.000000e+00 0.000000e+00 0.000000e+00
 0.000000e+00 6.183882e-01 3.816118e-01 0.000000e+00 0.000000e+00
 0.000000e+00 0.000000e+00 4.112163e-01 5.887837e-01 0.000000e+00
 0.000000e+00 0.000000e+00 0.000000e+00 3.547328e-01 6.452671e-01
 0.000000e+00 0.000000e+00 0.000000e+00 0.000000e+00 0.000000e+00
<EndHMM>
~h "E"
<BeginHMM>
<NumStates> 5
<State> 2
<Mean> 25
 1.814088e+00 -3.220105e+00 1.916418e+00 -6.320199e+00 -7.882505e+00 -6.116589e+00 -1.732898e+00 -3.505980e-01 -1.042362e+00 -7.116751e-01 -2.221732e+00 -1.082088e+00 2.286035e-01 -1.032428e+00 2.664137e-01 -1.701558e+00 -1.001912e+00 -1.006876e-01 5.153091e-01 -5.172979e-02 -3.754083e-01 -1.314732e-01 -4.388668e-01 -2.677997e-01 1.355186e+00
<Variance> 25
 2.441448e+01 4.664534e+01 5.622411e+01 6.685535e+01 8.128868e+01 6.601759e+01 7.175425e+01 5.616290e+01 4.627511e+01 5.138094e+01 4.352824e+01 3.239981e+01 2.397989e+00 3.084302e+00 3.199588e+00 4.884163e+00 5.168166e+00 4.931051e+00 5.415881e+00 4.625360e+00 3.785190e+00 4.291415e+00 3.609616e+00 2.808142e+00 3.480185e+00
<GConst> 1.106913e+02
<State> 3
<Mean> 25
 1.517673e+00 -5.212352e+00 3.338688e+00 -1.119452e+01 -1.005782e+01 -3.833341e+00 1.209287e+00 -2.000581e+00 -3.597191e+00 -2.875300e+00 -3.334291e+00 -3.041528e+00 -1.518844e-02 1.088139e-01 6.213851e-02 5.123066e-03 -2.213472e-03 1.881164e-01 2.031998e-02 -1.108374e-01 -6.861556e-02 -3.053775e-02 -1.412064e-02 -5.413598e-02 -1.194207e-01
<Variance> 25
 1.502921e+01 5.474492e+01 4.993626e+01 5.600694e+01 5.752912e+01 4.146585e+01 6.523628e+01 6.627915e+01 4.974189e+01 5.020258e+01 3.885907e+01 3.136334e+01 2.298124e-01 5.039411e-01 5.657433e-01 7.988617e-01 9.381639e-01 1.149235e+00 1.238424e+00 1.179040e+00 1.193962e+00 1.172841e+00 1.042195e+00 9.523224e-01 2.175728e-01
<GConst> 8.798119e+01
<State> 4
<Mean> 25
 1.917720e+00 -9.586757e-01 4.589494e+00 -6.106724e+00 -8.931295e+00 -4.477864e+00 -1.144583e+00 -2.559874e+00 -2.549157e+00 -1.196143e+00 -2.379197e+00 -1.614840e+00 3.481025e-02 9.031195e-01 9.292071e-02 1.263671e+00 6.528441e-01 8.981102e-02 -2.769243e-01 -1.525207e-01 -6.357148e-02 -4.826472e-02 2.527297e-01 1.758661e-01 -1.136079e+00
<Variance> 25
 1.588546e+01 3.918349e+01 5.528086e+01 6.549878e+01 6.910713e+01 5.185870e+01 6.395453e+01 5.845967e+01 4.525576e+01 4.959259e+01 3.909543e+01 3.457865e+01 9.078916e-01 1.826885e+00 1.906457e+00 2.932698e+00 3.362318e+00 3.016295e+00 3.375180e+00 3.013577e+00 2.783456e+00 2.762686e+00 2.327482e+00 2.060722e+00 1.286975e+00
<GConst> 1.026346e+02
<TransP> 5
 0.000000e+00 1.000000e+00 0.000000e+00 0.000000e+00 0.000000e+00
 0.000000e+00 6.092656e-01 3.907344e-01 0.000000e+00 0.000000e+00
 0.000000e+00 0.000000e+00 8.329735e-01 1.670264e-01 0.000000e+00
 0.000000e+00 0.000000e+00 0.000000e+00 6.517009e-01 3.482991e-01
 0.000000e+00 0.000000e+00 0.000000e+00 0.000000e+00 0.000000e+00
<EndHMM>
~h "f"
<BeginHMM>
<NumStates> 5
<State> 2
<Mean> 25
 -9.340787e+00 1.907256e+00 -1.400753e+00 4.695620e+00 2.697164e+00 6.466224e-01 5.775412e-03 2.427146e+00 8.308257e-01 4.614374e-01 2.061560e+00 4.509449e-01 -1.582313e+00 -5.941648e-01 -4.537806e-01 1.289451e-01 -1.081608e-01 -2.102824e-01 -2.626020e-01 1.162612e-01 6.478531e-02 6.456302e-02 1.106219e-01 1.480488e-01 -1.564270e-01
<Variance> 25
 2.138831e+01 2.480273e+01 3.417820e+01 2.451662e+01 3.187575e+01 3.499597e+01 3.451207e+01 2.937617e+01 2.911495e+01 2.930634e+01 2.870707e+01 2.146376e+01 3.114552e+00 1.648686e+00 1.865252e+00 1.534236e+00 1.952709e+00 2.280314e+00 2.479584e+00 2.251547e+00 2.293240e+00 2.043378e+00 2.004529e+00 1.634704e+00 1.422382e+00
<GConst> 9.504729e+01
<State> 3
<Mean> 25
 -1.115416e+01 -1.345156e+00 -3.374331e+00 4.578583e+00 3.581174e+00 1.190962e+00 5.536472e-01 2.947726e+00 1.601252e+00 1.188148e+00 1.831461e+00 1.118307e+00 2.448405e+00 -2.389560e-01 3.151477e-01 -3.033711e-01 -1.058648e-01 3.151836e-01 5.671549e-01 -2.492590e-01 -4.261181e-01 -2.973971e-01 -1.487021e-01 -3.179137e-01 1.544925e+00
<Variance> 25
 2.441216e+01 2.394666e+01 3.990302e+01 2.448461e+01 2.885426e+01 3.120139e+01 3.186995e+01 2.896200e+01 2.827911e+01 2.563115e+01 3.430049e+01 1.967069e+01 5.138036e+00 2.843574e+00 5.391811e+00 3.274313e+00 3.482126e+00 3.428477e+00 3.188323e+00 3.535088e+00 3.673989e+00 2.924048e+00 2.894481e+00 2.116725e+00 2.297529e+00
<GConst> 1.014064e+02
<State> 4
<Mean> 25
 5.823241e-01 1.483491e+00 -9.239576e-01 1.786672e+00 1.023718e-01 1.074882e+00 4.639362e-01 -4.607426e-01 -2.403373e+00 -1.024672e+00 4.101109e-01 -1.020726e+00 4.101285e+00 1.228349e-01 6.031719e-01 -2.092130e+00 -2.456792e+00 1.696158e-01 -9.692490e-01 -1.564029e+00 -1.379847e+00 -2.513336e-01 -3.829648e-01 -6.956572e-01 1.767797e+00
<Variance> 25
 4.826885e+01 2.970154e+01 1.018820e+02 5.908295e+01 5.290422e+01 4.678707e+01 3.351087e+01 3.632285e+01 3.969727e+01 2.959877e+01 2.573345e+01 2.010801e+01 3.346543e+00 6.035848e+00 8.079277e+00 6.545520e+00 4.984927e+00 5.108269e+00 4.939976e+00 5.663987e+00 6.746499e+00 5.575530e+00 6.072351e+00 3.275604e+00 2.167155e+00
<GConst> 1.110876e+02
<TransP> 5
 0.000000e+00 1.000000e+00 0.000000e+00 0.000000e+00 0.000000e+00
 0.000000e+00 7.730654e-01 2.269346e-01 0.000000e+00 0.000000e+00
 0.000000e+00 0.000000e+00 5.184746e-01 4.815255e-01 0.000000e+00
 0.000000e+00 0.000000e+00 0.000000e+00 4.958755e-01 5.041245e-01
 0.000000e+00 0.000000e+00 0.000000e+00 0.000000e+00 0.000000e+00
<EndHMM>
~h "g"
<BeginHMM>
<NumStates> 5
<State> 2
<Mean> 25
 1.390293e-01 3.316797e+00 1.125757e+00 1.477750e+00 1.893048e+00 -7.867630e-01 -1.498085e+00 -1.648348e+00 -1.377588e+00 1.476709e+00 2.482846e-01 8.585317e-01 1.273650e-02 1.108584e-01 -3.876912e-01 -2.881283e-01 1.132791e-01 1.355802e-01 2.623363e-01 2.426025e-01 -1.976525e-01 1.775962e-02 -6.353837e-02 4.853980e-02 -1.727749e-01
<Variance> 25
 7.864504e+01 3.914843e+01 5.585457e+01 4.059196e+01 6.968948e+01 5.741495e+01 6.007500e+01 6.410092e+01 5.208795e+01 4.639151e+01 4.316558e+01 2.922168e+01 4.352162e+00 3.307371e+00 3.890443e+00 3.077357e+00 4.876663e+00 4.288611e+00 4.821696e+00 5.241573e+00 4.732940e+00 3.913780e+00 3.446628e+00 2.541799e+00 4.284929e+00
<GConst> 1.111500e+02
<State> 3
<Mean> 25
 3.317136e+00 6.561413e-01 -1.094695e+00 -8.120398e-02 -5.252548e-01 -1.839231e+00 -1.747913e+00 3.364700e-02 -1.116943e+00 2.599170e+00 -1.232001e+00 1.514973e-01 9.615415e-01 -1.138802e+00 -1.612775e+00 -1.679997e+00 -1.109455e+00 4.877752e-01 4.754234e-01 6.895018e-01 1.959932e-01 -2.302006e-01 -4.807225e-01 -4.339144e-01 2.187134e+00
<Variance> 25
 2.707680e+01 4.368836e+01 5.298956e+01 3.746442e+01 7.251918e+01 5.880625e+01 5.207574e+01 5.997882e+01 5.173377e+01 5.364233e+01 4.339173e+01 2.672860e+01 2.687948e+00 4.253203e+00 4.108321e+00 3.831273e+00 5.647273e+00 4.799016e+00 5.688273e+00 5.668414e+00 6.209409e+00 5.521919e+00 5.001710e+00 3.466877e+00 4.632696e+00
<GConst> 1.118919e+02
<State> 4
<Mean> 25
 6.062658e+00 -7.106434e-01 -4.544751e+00 -4.531493e+00 -2.942611e+00 1.954326e+00 -8.490239e-01 -7.236388e-01 -1.034883e+00 4.742721e-01 -8.600644e-01 -1.300708e+00 5.612763e-01 -9.629847e-01 -1.124578e+00 -9.844872e-01 -6.697056e-01 7.762804e-01 2.974464e-01 1.894070e-02 2.432390e-01 -6.629276e-01 -1.417810e-02 -4.795441e-01 1.315871e+00
<Variance> 25
 1.815571e+01 6.905296e+01 5.556103e+01 5.387991e+01 5.937013e+01 7.709887e+01 5.962888e+01 7.329484e+01 7.349743e+01 7.841328e+01 6.848496e+01 3.758104e+01 1.454824e+00 2.914923e+00 3.194018e+00 4.958601e+00 5.346242e+00 4.238172e+00 4.835765e+00 5.048112e+00 5.071954e+00 5.466591e+00 4.101753e+00 3.100025e+00 2.245818e+00
<GConst> 1.116059e+02
<TransP> 5
 0.000000e+00 1.000000e+00 0.000000e+00 0.000000e+00 0.000000e+00
 0.000000e+00 6.260719e-01 3.739280e-01 0.000000e+00 0.000000e+00
 0.000000e+00 0.000000e+00 3.278962e-01 6.721037e-01 0.000000e+00
 0.000000e+00 0.000000e+00 0.000000e+00 3.231165e-01 6.768835e-01
 0.000000e+00 0.000000e+00 0.000000e+00 0.000000e+00 0.000000e+00
<EndHMM>
~h "i"
<BeginHMM>
<NumStates> 5
<State> 2
<Mean> 25
 -4.557545e-01 5.566712e+00 1.284161e+01 -1.593751e+00 -9.990757e+00 1.558493e+00 -5.875584e+00 -8.368754e+00 -7.195142e+00 -2.061157e-01 -2.758419e+00 -9.580575e-01 5.963679e-02 4.184118e-01 7.663563e-01 -7.921153e-01 -1.135400e+00 6.799299e-01 -8.258248e-01 -9.346537e-01 -5.113381e-01 2.084771e-01 -5.851011e-01 -7.661228e-02 5.212545e-01
<Variance> 25
 1.284757e+01 2.967288e+01 2.991319e+01 5.469409e+01 3.634960e+01 4.248291e+01 5.477027e+01 3.994825e+01 3.938932e+01 4.369752e+01 3.968917e+01 2.609003e+01 2.294883e+00 2.476331e+00 2.491985e+00 3.260509e+00 4.102992e+00 3.184625e+00 4.672330e+00 3.641674e+00 3.257758e+00 2.975380e+00 3.158653e+00 2.067383e+00 2.117601e+00
<GConst> 1.028515e+02
<State> 3
<Mean> 25
 1.042354e-01 5.195951e+00 1.234679e+01 -3.912024e-01 -1.097807e+01 1.007075e+00 -3.634474e+00 -8.513025e+00 -6.971631e+00 6.497356e-01 -2.739445e+00 -7.572643e-01 4.108954e-01 -1.173279e-01 -7.612895e-01 1.004949e+00 8.549045e-01 -1.008577e+00 1.110799e+00 7.837918e-01 3.874539e-01 -1.664867e-01 4.531715e-01 7.861110e-02 -9.713508e-01
<Variance> 25
 1.149131e+01 2.522866e+01 3.174771e+01 5.377371e+01 4.152669e+01 4.511437e+01 4.531225e+01 4.000667e+01 4.887676e+01 4.824379e+01 4.025716e+01 2.746165e+01 1.507605e+00 2.086392e+00 1.839492e+00 2.598623e+00 3.253107e+00 2.726727e+00 3.628108e+00 3.299441e+00 2.909870e+00 2.634347e+00 2.203421e+00 1.787784e+00 2.362610e+00
<GConst> 1.005140e+02
<State> 4
<Mean> 25
 4.398059e-01 4.809570e+00 8.920870e+00 4.183415e+00 -4.946932e+00 -3.101811e+00 -7.527699e-02 -3.686069e+00 -4.995429e+00 -1.228200e+00 -4.547811e-01 -2.067657e-01 -3.475684e-01 -1.686755e-01 -1.385097e+00 4.244564e-01 2.087410e+00 -4.684367e-01 4.260431e-01 8.838863e-01 1.005095e+00 -9.510019e-02 1.379378e-01 7.226578e-02 -1.099136e+00
<Variance> 25
 3.038729e+01 3.563969e+01 3.723647e+01 3.942693e+01 4.551703e+01 4.226163e+01 4.014266e+01 4.348819e+01 4.566229e+01 3.834378e+01 3.420969e+01 2.432225e+01 4.045413e+00 3.307709e+00 3.681730e+00 3.476663e+00 4.921673e+00 3.977716e+00 4.664282e+00 5.108248e+00 4.462111e+00 3.690384e+00 3.901232e+00 2.396051e+00 3.920915e+00
<GConst> 1.071360e+02
<TransP> 5
 0.000000e+00 1.000000e+00 0.000000e+00 0.000000e+00 0.000000e+00
 0.000000e+00 6.400334e-01 3.599666e-01 0.000000e+00 0.000000e+00
 0.000000e+00 0.000000e+00 6.057540e-01 3.942461e-01 0.000000e+00
 0.000000e+00 0.000000e+00 0.000000e+00 5.276541e-01 4.723460e-01
 0.000000e+00 0.000000e+00 0.000000e+00 0.000000e+00 0.000000e+00
<EndHMM>
~h "I"
<BeginHMM>
<NumStates> 5
<State> 2
<Mean> 25
 2.240957e+00 -2.947041e+00 5.298359e+00 -3.101433e+00 -1.159791e+01 -4.926066e+00 -7.153656e-01 1.153879e-01 -1.615265e+00 1.531220e+00 -5.124658e-03 4.115896e-01 9.897418e-02 -1.083600e-01 1.841151e-01 -1.651637e-01 -1.622411e-01 -4.230117e-02 4.300152e-02 7.466897e-02 -1.245417e-01 2.253177e-02 -2.742849e-02 5.151866e-02 3.280146e-02
<Variance> 25
 1.062635e+01 2.393208e+01 3.742899e+01 3.894263e+01 4.207176e+01 4.888705e+01 4.365360e+01 5.216464e+01 4.299909e+01 5.942843e+01 4.398895e+01 2.648120e+01 8.717116e-01 1.543546e+00 2.009393e+00 2.232098e+00 2.915137e+00 2.378620e+00 2.814747e+00 2.659365e+00 2.557374e+00 2.626529e+00 2.130943e+00 1.722877e+00 1.214022e+00
<GConst> 9.818201e+01
<State> 3
<Mean> 25
 3.627248e+00 -2.220436e+00 5.042608e+00 -3.660092e-01 -8.896392e+00 -5.202457e+00 -1.503880e+00 8.902301e-01 -1.521739e+00 7.248281e-01 -2.320406e-01 8.130426e-01 1.946034e-01 1.082653e+00 2.172701e-01 1.061953e+00 1.891663e+00 5.705202e-02 -1.957804e-02 -4.475736e-01 2.191237e-02 -3.876323e-01 -2.040189e-01 1.776095e-02 -1.867889e+00
<Variance> 25
 1.093980e+01 2.724065e+01 3.983645e+01 3.517656e+01 4.418499e+01 4.721638e+01 4.857442e+01 4.820003e+01 4.666919e+01 5.078135e+01 3.969267e+01 2.574868e+01 1.746493e+00 2.129078e+00 2.576860e+00 2.471757e+00 3.325300e+00 3.456285e+00 4.162255e+00 4.012488e+00 3.605190e+00 3.815033e+00 3.045631e+00 2.578093e+00 2.395545e+00
<GConst> 1.029687e+02
<State> 4
<Mean> 25
 2.131726e+00 1.036754e+00 4.140725e+00 1.715030e+00 -3.308628e+00 -4.586724e+00 -8.454771e-01 -2.253345e-01 -1.079889e+00 -2.342084e-01 -4.174529e-01 4.851554e-01 -6.474293e-01 1.076422e+00 -7.415224e-02 5.536984e-01 1.757586e+00 3.773285e-01 1.866683e-01 -4.020680e-01 1.884095e-02 -8.863166e-02 1.405125e-02 -4.986112e-02 -1.260484e+00
<Variance> 25
 4.128199e+01 3.664208e+01 4.406059e+01 3.383928e+01 5.013905e+01 4.915705e+01 5.141675e+01 5.032069e+01 4.702813e+01 4.000126e+01 3.707613e+01 2.628908e+01 5.440012e+00 4.385148e+00 3.491917e+00 3.204393e+00 5.552065e+00 4.108667e+00 4.622239e+00 6.196129e+00 4.332491e+00 4.135835e+00 4.028057e+00 2.945467e+00 3.628662e+00
<GConst> 1.093830e+02
<TransP> 5
 0.000000e+00 1.000000e+00 0.000000e+00 0.000000e+00 0.000000e+00
 0.000000e+00 6.183882e-01 3.816118e-01 0.000000e+00 0.000000e+00
 0.000000e+00 0.000000e+00 4.112163e-01 5.887837e-01 0.000000e+00
 0.000000e+00 0.000000e+00 0.000000e+00 3.547328e-01 6.452671e-01
 0.000000e+00 0.000000e+00 0.000000e+00 0.000000e+00 0.000000e+00
<EndHMM>
~h "j"
<BeginHMM>
<NumStates> 5
<State> 2
<Mean> 25
 -8.636240e-01 6.198488e+00 1.212223e+01 1.369427e-01 -8.163206e+00 1.110046e+00 -4.226921e+00 -7.088811e+00 -6.689993e+00 -6.092257e-01 -1.557349e+00 -9.001730e-01 5.711873e-01 -1.904203e-01 6.655876e-01 -9.634341e-01 -1.802289e+00 -1.526017e-02 -1.178111e+00 -6.431429e-01 -7.680338e-01 5.131943e-01 -2.424159e-01 -1.543033e-02 1.028473e+00
<Variance> 25
 1.707241e+01 2.730787e+01 3.262922e+01 4.904038e+01 3.996344e+01 4.362851e+01 4.927875e+01 3.982552e+01 3.899089e+01 4.407445e+01 3.487113e+01 2.484502e+01 4.212350e+00 3.277977e+00 3.204181e+00 3.728150e+00 5.778066e+00 4.455404e+00 5.514030e+00 4.254168e+00 4.265858e+00 4.465290e+00 4.176000e+00 2.032455e+00 2.836570e+00
<GConst> 1.063658e+02
<State> 3
<Mean> 25
 4.612026e-02 1.788784e+00 1.044954e+01 -2.119936e+00 -1.368143e+01 -1.669983e+00 -4.014775e+00 -4.904308e+00 -7.030294e+00 2.430835e+00 -1.382362e-01 -4.835063e-01 6.159675e-01 -1.748738e+00 -1.785941e+00 -5.350523e-01 -7.799958e-01 -1.262959e+00 6.506034e-01 1.907555e+00 8.927001e-01 3.883778e-01 3.255342e-01 9.167484e-02 1.090625e+00
<Variance> 25
 8.949186e+00 1.687039e+01 3.133713e+01 5.160587e+01 3.094781e+01 4.566948e+01 3.784378e+01 3.963092e+01 4.579206e+01 7.658794e+01 4.201733e+01 2.517516e+01 9.093023e-01 1.743115e+00 2.046952e+00 2.426803e+00 2.900713e+00 2.737565e+00 5.178908e+00 3.397411e+00 3.375080e+00 3.192012e+00 2.252765e+00 2.115638e+00 8.910947e-01
<GConst> 9.887223e+01
<State> 4
<Mean> 25
 2.441257e+00 -2.960998e+00 2.308550e+00 -2.290733e+00 -9.996593e+00 -4.500302e+00 -2.529680e+00 2.656297e+00 -1.410415e+00 6.164528e-01 -1.127811e+00 -8.269386e-01 7.877775e-01 -1.175554e+00 -2.594096e+00 -4.108994e-01 1.983328e+00 2.995035e-01 6.967403e-02 1.131169e+00 1.758201e+00 -4.692735e-01 -9.540768e-01 -6.547785e-01 2.278579e-01
<Variance> 25
 9.184274e+00 2.096820e+01 3.731501e+01 3.707991e+01 3.969993e+01 4.671095e+01 6.255828e+01 4.745982e+01 5.457748e+01 6.002378e+01 4.665278e+01 2.724387e+01 6.452073e-01 1.481775e+00 2.253560e+00 3.178524e+00 2.972237e+00 3.354811e+00 4.478905e+00 4.344785e+00 4.849641e+00 6.193099e+00 2.686027e+00 2.666809e+00 7.043732e-01
<GConst> 1.014160e+02
<TransP> 5
 0.000000e+00 1.000000e+00 0.000000e+00 0.000000e+00 0.000000e+00
 0.000000e+00 6.149698e-01 3.850302e-01 0.000000e+00 0.000000e+00
 0.000000e+00 0.000000e+00 5.581588e-01 4.418412e-01 0.000000e+00
 0.000000e+00 0.000000e+00 0.000000e+00 5.280302e-01 4.719698e-01
 0.000000e+00 0.000000e+00 0.000000e+00 0.000000e+00 0.000000e+00
<EndHMM>
~h "J"
<BeginHMM>
<NumStates> 5
<State> 2
<Mean> 25
 5.701318e+00 -1.162829e+00 3.647024e+00 -6.972102e+00 -7.075641e+00 -7.491704e+00 -3.870724e+00 -7.471960e+00 -7.286615e+00 -4.809667e+00 -4.382436e+00 -4.590710e+00 1.670829e-01 1.600136e+00 5.091071e-01 5.438443e-01 -2.875294e-01 -1.022345e-02 7.731528e-03 -1.648285e+00 1.346132e-01 8.178493e-01 -4.996000e-01 -2.325110e-01 -1.318573e+00
<Variance> 25
 7.293949e+00 4.434831e+01 2.740508e+01 4.391803e+01 3.325644e+01 3.902266e+01 4.350406e+01 5.580880e+01 4.616399e+01 4.650708e+01 4.487652e+01 3.229849e+01 6.660221e-01 2.094266e+00 3.598529e+00 3.270595e+00 3.836058e+00 3.723514e+00 4.273392e+00 5.217389e+00 4.991436e+00 4.582656e+00 3.811139e+00 2.524267e+00 8.284339e-01
<GConst> 1.025005e+02
<State> 3
<Mean> 25
 6.676065e+00 3.936346e+00 2.501046e+00 -4.998124e+00 -6.509538e+00 -7.340859e+00 -6.711281e+00 -8.309730e+00 -4.850912e+00 -4.186406e+00 -7.407084e+00 -3.559948e+00 5.306608e-03 1.442105e-01 -7.631707e-02 1.964241e-02 1.741081e-01 -9.342463e-02 -6.688149e-02 1.653924e-01 -1.084586e-01 8.104169e-02 -7.743137e-02 3.769729e-02 -7.737688e-02
<Variance> 25
 6.788632e+00 1.559898e+01 2.187776e+01 3.188662e+01 2.714561e+01 2.837488e+01 3.135648e+01 3.324695e+01 3.653929e+01 3.854277e+01 2.828432e+01 2.481310e+01 1.277913e-01 1.954278e-01 3.459495e-01 6.015528e-01 6.170121e-01 7.603143e-01 8.878348e-01 8.782241e-01 9.469637e-01 9.251553e-01 8.693550e-01 8.262627e-01 8.090603e-02
<GConst> 7.531403e+01
<State> 4
<Mean> 25
 3.840181e+00 7.878420e-01 6.183195e+00 -1.073805e+01 -7.748363e+00 -3.952813e+00 -4.804937e+00 -7.183450e+00 -5.836666e+00 -2.943777e+00 -5.759848e+00 -4.916385e+00 -3.214718e-01 -1.267897e+00 6.306827e-02 -6.176289e-01 -3.472630e-01 3.658156e-01 3.704440e-01 8.358641e-01 -2.191007e-02 -6.167796e-01 5.418923e-01 -9.019044e-02 1.211445e+00
<Variance> 25
 1.014778e+01 3.639975e+01 3.144902e+01 6.155684e+01 4.230484e+01 4.762743e+01 4.333359e+01 3.692405e+01 3.652400e+01 3.422626e+01 3.600773e+01 2.575391e+01 1.005401e+00 2.313246e+00 4.032386e+00 7.691271e+00 4.451643e+00 4.957531e+00 4.518145e+00 3.961446e+00 3.564997e+00 3.676547e+00 2.658318e+00 2.300116e+00 5.979264e-01
<GConst> 1.025033e+02
<TransP> 5
 0.000000e+00 1.000000e+00 0.000000e+00 0.000000e+00 0.000000e+00
 0.000000e+00 7.112243e-01 2.887757e-01 0.000000e+00 0.000000e+00
 0.000000e+00 0.000000e+00 8.309223e-01 1.690777e-01 0.000000e+00
 0.000000e+00 0.000000e+00 0.000000e+00 8.428602e-01 1.571398e-01
 0.000000e+00 0.000000e+00 0.000000e+00 0.000000e+00 0.000000e+00
<EndHMM>
~h "k"
<BeginHMM>
<NumStates> 5
<State> 2
<Mean> 25
 -4.096195e+00 1.114305e+00 1.845468e+00 2.536973e+00 1.398783e+00 -3.493642e+00 7.706312e-01 7.531880e-01 7.159603e-01 3.543245e-01 4.046053e-01 1.434947e+00 -8.287501e-01 -5.765933e-01 -9.619949e-01 -9.603316e-02 4.748777e-01 3.459077e-01 -2.802007e-02 3.399692e-01 -1.537033e-01 2.088965e-01 2.404622e-01 1.376465e-01 8.054001e-01
<Variance> 25
 6.376700e+01 5.051005e+01 5.197683e+01 3.666962e+01 6.223053e+01 4.973456e+01 4.937045e+01 5.232344e+01 4.596811e+01 3.792199e+01 3.886997e+01 2.554412e+01 5.290730e+00 4.678587e+00 6.132940e+00 3.756515e+00 5.678903e+00 4.307514e+00 4.050952e+00 4.669551e+00 4.158162e+00 3.612779e+00 3.629911e+00 2.506932e+00 8.210485e+00
<GConst> 1.113420e+02
<State> 3
<Mean> 25
 -4.371413e+00 -2.223888e+00 -6.562972e+00 1.406092e-01 6.909276e+00 1.438570e+00 -4.968802e-01 1.904584e+00 -1.045732e+00 2.988930e+00 1.678534e+00 1.263656e+00 9.645372e-01 5.102113e-02 -2.084909e+00 -1.489003e+00 1.083187e-01 1.273938e+00 -1.819242e-01 -1.004926e-01 -1.080895e+00 5.648659e-01 2.338194e-01 -1.550361e-01 3.306974e+00
<Variance> 25
 2.966203e+01 3.407583e+01 8.106476e+01 5.160208e+01 7.630128e+01 5.837365e+01 5.179410e+01 4.833413e+01 5.258077e+01 4.197701e+01 3.992727e+01 2.812953e+01 4.933894e+00 4.653293e+00 1.081816e+01 5.300287e+00 9.707124e+00 7.144786e+00 5.453622e+00 6.140064e+00 5.936019e+00 5.370650e+00 5.485997e+00 3.027877e+00 5.197799e+00
<GConst> 1.150078e+02
<State> 4
<Mean> 25
 2.117234e+00 1.758119e+00 -3.492601e+00 -3.186028e+00 -3.214358e-01 1.130598e+00 -8.136799e-01 -1.364641e+00 -3.287105e+00 2.153624e+00 1.076475e+00 1.248138e-01 2.410008e+00 1.899361e-01 7.548180e-01 -1.435558e+00 -2.814424e+00 -1.413597e-01 -3.188755e-01 -8.439284e-01 -2.976656e-01 -4.238906e-01 -2.099637e-01 -5.494888e-01 1.995623e+00
<Variance> 25
 3.589711e+01 3.400213e+01 9.479202e+01 6.077922e+01 8.243782e+01 6.382610e+01 4.833368e+01 5.442185e+01 4.975362e+01 5.864743e+01 5.174038e+01 2.360065e+01 3.286912e+00 4.531081e+00 5.558972e+00 4.984237e+00 5.746119e+00 4.859503e+00 5.485771e+00 6.300281e+00 6.854915e+00 5.892095e+00 7.506322e+00 3.634116e+00 2.252776e+00
<GConst> 1.139538e+02
<TransP> 5
 0.000000e+00 1.000000e+00 0.000000e+00 0.000000e+00 0.000000e+00
 0.000000e+00 6.705645e-01 3.294356e-01 0.000000e+00 0.000000e+00
 0.000000e+00 0.000000e+00 4.161833e-01 5.838167e-01 0.000000e+00
 0.000000e+00 0.000000e+00 0.000000e+00 5.131450e-01 4.868550e-01
 0.000000e+00 0.000000e+00 0.000000e+00 0.000000e+00 0.000000e+00
<EndHMM>
~h "l"
<BeginHMM>
<NumStates> 5
<State> 2
<Mean> 25
 4.519583e+00 -2.414401e-01 7.390338e+00 3.758866e-01 -1.660990e+00 -3.585570e+00 -8.461173e+00 -2.738375e+00 1.381952e-01 -2.803143e+00 -2.782703e+00 2.666324e+00 1.295624e-01 7.150687e-02 2.820643e-01 4.645965e-03 2.201764e-01 1.783500e-01 -4.453342e-01 -1.504024e-01 1.725438e-01 -3.613019e-03 -2.920837e-01 1.261639e-01 -4.772510e-01
<Variance> 25
 1.627584e+01 2.834070e+01 5.270360e+01 4.511161e+01 4.838128e+01 4.995358e+01 5.892405e+01 5.179964e+01 4.986762e+01 5.274109e+01 5.023689e+01 4.788255e+01 1.209503e+00 1.953438e+00 3.202576e+00 2.765481e+00 3.366112e+00 3.184395e+00 4.285092e+00 4.125154e+00 3.423148e+00 3.321858e+00 3.126057e+00 2.835072e+00 3.133933e+00
<GConst> 1.053693e+02
<State> 3
<Mean> 25
 5.180577e+00 -2.066424e+00 4.329586e+00 -6.613638e-01 -1.978921e+00 -3.314887e+00 -8.284032e+00 -1.119320e+00 1.854686e+00 -2.034969e-01 -3.088321e+00 1.433274e+00 -1.203865e-01 -9.872737e-01 -1.751974e+00 -5.294251e-01 -7.968504e-01 6.617062e-01 1.569777e+00 1.290368e+00 2.024017e-01 7.973225e-01 1.993653e-01 -9.891479e-01 8.564348e-01
<Variance> 25
 1.530039e+01 3.104647e+01 5.436164e+01 4.056173e+01 4.562301e+01 4.785890e+01 6.041563e+01 6.470232e+01 4.860705e+01 4.590983e+01 4.548866e+01 4.074866e+01 1.385492e+00 3.162701e+00 4.583580e+00 3.465732e+00 4.804799e+00 5.013685e+00 6.523077e+00 6.046162e+00 4.679204e+00 5.745193e+00 4.668136e+00 3.834878e+00 2.824436e+00
<GConst> 1.093180e+02
<State> 4
<Mean> 25
 5.098197e+00 -2.435350e+00 -1.282229e+00 -2.105576e+00 -2.461573e+00 8.736488e-01 -3.058557e+00 -6.123130e-01 2.415770e-01 4.835850e-01 -1.060174e+00 -1.500942e+00 -2.505769e-01 -2.743335e-01 -8.689061e-01 -2.134072e-01 -1.291208e-01 5.908464e-01 1.010447e+00 2.173080e-01 -8.047101e-02 7.132728e-03 2.393460e-01 -3.317070e-01 4.829782e-01
<Variance> 25
 2.500389e+01 4.691256e+01 7.516832e+01 5.728001e+01 5.561176e+01 6.665549e+01 6.448564e+01 6.983638e+01 6.431953e+01 5.592647e+01 5.345385e+01 3.661778e+01 2.431359e+00 3.693223e+00 5.259965e+00 5.185648e+00 5.870151e+00 5.670895e+00 6.455753e+00 5.734078e+00 5.775149e+00 5.352151e+00 4.965155e+00 3.601477e+00 4.576705e+00
<GConst> 1.142331e+02
<TransP> 5
 0.000000e+00 1.000000e+00 0.000000e+00 0.000000e+00 0.000000e+00
 0.000000e+00 5.535207e-01 4.464793e-01 0.000000e+00 0.000000e+00
 0.000000e+00 0.000000e+00 3.264893e-01 6.735107e-01 0.000000e+00
 0.000000e+00 0.000000e+00 0.000000e+00 5.328401e-01 4.671599e-01
 0.000000e+00 0.000000e+00 0.000000e+00 0.000000e+00 0.000000e+00
<EndHMM>
~h "L"
<BeginHMM>
<NumStates> 5
<State> 2
<Mean> 25
 3.306447e+00 -5.366704e-01 7.727983e+00 -8.053982e+00 -9.815714e+00 -8.559286e+00 -3.649662e+00 -6.456326e+00 -6.446453e+00 -1.312524e+00 -2.893193e+00 -2.624233e+00 -2.046221e-01 1.650457e+00 1.564808e+00 1.831758e-01 -5.864092e-01 -1.474067e-01 -9.678066e-01 -1.867352e+00 -6.935487e-01 2.130009e-01 -4.576111e-01 -4.769884e-01 -6.320189e-01
<Variance> 25
 1.324335e+01 4.440299e+01 3.661430e+01 7.314693e+01 4.237145e+01 5.220459e+01 5.288777e+01 5.965322e+01 4.489367e+01 3.817293e+01 3.686945e+01 3.349988e+01 1.051477e+00 2.128258e+00 2.729007e+00 5.166687e+00 4.420120e+00 4.891691e+00 5.555525e+00 4.870965e+00 5.574984e+00 5.140982e+00 4.003352e+00 2.936390e+00 2.039160e+00
<GConst> 1.068962e+02
<State> 3
<Mean> 25
 1.800532e+00 5.102624e+00 1.048538e+01 -6.590056e+00 -8.164001e+00 -4.898585e+00 -8.123260e+00 -1.083169e+01 -6.965235e+00 -3.660270e+00 -6.724092e+00 -3.734804e+00 -2.931980e-01 3.145848e-01 1.954957e-02 1.353778e-01 4.314484e-01 2.969121e-01 -1.051336e-01 4.320176e-02 -7.113235e-02 -1.164144e-01 -2.304667e-01 -1.095502e-02 -7.237218e-02
<Variance> 25
 9.622302e+00 2.300236e+01 4.103905e+01 4.799852e+01 4.074460e+01 3.867420e+01 4.058465e+01 4.058537e+01 3.685905e+01 3.931190e+01 3.857772e+01 2.230145e+01 3.661305e-01 6.149424e-01 1.089959e+00 1.462621e+00 1.440278e+00 1.713937e+00 1.903126e+00 1.950189e+00 1.795658e+00 1.879613e+00 1.864174e+00 1.357515e+00 4.737131e-01
<GConst> 9.032574e+01
<State> 4
<Mean> 25
 1.458785e+00 2.752803e+00 9.583435e+00 -9.714140e+00 -8.587555e+00 -6.811314e+00 -5.096861e+00 -7.524740e+00 -5.981002e+00 -5.168139e-01 -4.079422e+00 -3.466053e+00 2.947108e-01 -1.274565e+00 -6.111224e-01 -1.413111e+00 -7.142771e-01 -5.527022e-01 1.034662e+00 1.047736e+00 8.264423e-01 3.208771e-01 4.670386e-01 -1.512293e-02 1.173144e+00
<Variance> 25
 1.080518e+01 3.169556e+01 3.802523e+01 7.120341e+01 4.358092e+01 3.668174e+01 4.401987e+01 4.145656e+01 4.634259e+01 4.265693e+01 3.714862e+01 2.700855e+01 7.442383e-01 1.864493e+00 2.622340e+00 3.499481e+00 3.542453e+00 3.253032e+00 4.765677e+00 4.364897e+00 3.995835e+00 4.223343e+00 3.100881e+00 2.560778e+00 6.709440e-01
<GConst> 1.015959e+02
<TransP> 5
 0.000000e+00 1.000000e+00 0.000000e+00 0.000000e+00 0.000000e+00
 0.000000e+00 6.282830e-01 3.717169e-01 0.000000e+00 0.000000e+00
 0.000000e+00 0.000000e+00 8.131105e-01 1.868895e-01 0.000000e+00
 0.000000e+00 0.000000e+00 0.000000e+00 6.701902e-01 3.298098e-01
 0.000000e+00 0.000000e+00 0.000000e+00 0.000000e+00 0.000000e+00
<EndHMM>
~h "m"
<BeginHMM>
<NumStates> 5
<State> 2
<Mean> 25
 9.715543e+00 1.012942e+00 3.140823e+00 3.937886e+00 1.866230e+00 2.288294e+00 7.641448e-01 -1.109839e+01 -8.303518e+00 -8.871483e-01 -4.419383e-01 -5.366748e+00 2.111329e-01 4.224197e-01 5.739424e-01 9.239438e-01 4.643471e-01 1.607485e-01 5.529282e-01 -1.312042e+00 -9.289366e-01 -7.469150e-03 5.417710e-02 -3.434902e-01 -7.572119e-01
<Variance> 25
 8.076907e+00 2.029603e+01 2.217212e+01 3.669695e+01 3.131169e+01 5.325559e+01 4.339010e+01 5.455779e+01 4.969552e+01 4.781015e+01 4.981016e+01 3.628170e+01 6.338540e-01 1.554482e+00 2.033490e+00 2.497653e+00 2.529217e+00 2.359657e+00 2.696528e+00 4.997829e+00 3.922261e+00 3.032185e+00 2.861549e+00 2.449028e+00 1.439071e+00
<GConst> 9.899387e+01
<State> 3
<Mean> 25
 9.437834e+00 1.032953e+00 2.604825e+00 4.043459e+00 2.198472e+00 2.644516e+00 1.347631e+00 -1.132837e+01 -8.547421e+00 -1.237832e+00 2.190560e-01 -5.311646e+00 -5.367410e-01 -6.717663e-01 -8.688591e-01 -1.372308e+00 -7.328553e-01 2.871502e-01 -7.134325e-01 2.214081e+00 1.253304e+00 -1.568988e-01 -2.515007e-01 2.517664e-01 7.758977e-01
<Variance> 25
 9.499027e+00 2.232485e+01 2.365127e+01 3.723588e+01 3.412747e+01 5.061496e+01 4.306623e+01 5.747738e+01 5.170387e+01 4.798066e+01 4.615999e+01 3.633178e+01 9.054700e-01 2.041870e+00 3.227185e+00 3.309742e+00 2.933662e+00 2.930287e+00 3.070514e+00 4.233456e+00 3.845376e+00 3.336866e+00 3.132451e+00 2.710293e+00 2.863078e+00
<GConst> 1.020360e+02
<State> 4
<Mean> 25
 7.357988e+00 -2.613277e+00 -1.074271e+00 -1.894317e+00 -6.903881e-01 3.253152e+00 -1.851857e+00 -2.623861e+00 -2.628076e+00 -1.720911e+00 -7.908269e-01 -4.416960e+00 -1.167909e+00 -1.147698e+00 -6.953372e-01 -2.023997e+00 -1.010924e+00 4.193971e-01 -5.962504e-01 2.723256e+00 1.633197e+00 -1.997180e-01 -4.786798e-01 6.417822e-01 1.632153e+00
<Variance> 25
 1.372876e+01 4.451405e+01 5.805608e+01 5.703384e+01 5.336369e+01 6.251147e+01 4.545637e+01 5.030945e+01 4.758854e+01 3.735040e+01 3.477490e+01 2.995850e+01 1.734289e+00 2.836119e+00 5.437803e+00 5.502812e+00 5.522224e+00 4.861777e+00 4.800375e+00 6.216106e+00 6.831430e+00 4.940522e+00 5.086669e+00 4.220328e+00 2.815751e+00
<GConst> 1.100448e+02
<TransP> 5
 0.000000e+00 1.000000e+00 0.000000e+00 0.000000e+00 0.000000e+00
 0.000000e+00 6.549215e-01 3.450785e-01 0.000000e+00 0.000000e+00
 0.000000e+00 0.000000e+00 3.957851e-01 6.042149e-01 0.000000e+00
 0.000000e+00 0.000000e+00 0.000000e+00 4.728721e-01 5.271279e-01
 0.000000e+00 0.000000e+00 0.000000e+00 0.000000e+00 0.000000e+00
<EndHMM>
~h "n"
<BeginHMM>
<NumStates> 5
<State> 2
<Mean> 25
 8.646323e+00 1.893562e+00 4.021288e+00 2.900875e+00 -2.452149e+00 -6.373279e-01 3.567966e-01 -8.658725e+00 -5.817976e+00 -1.717635e+00 -4.414225e+00 -1.754311e+00 3.725762e-01 8.719534e-01 6.556803e-01 8.143728e-01 4.910049e-01 -2.442322e-02 3.813282e-01 -8.675724e-01 -3.156739e-01 2.770110e-04 -2.071737e-01 1.490408e-01 -1.269804e+00
<Variance> 25
 9.824663e+00 1.983784e+01 2.484699e+01 3.666600e+01 3.228664e+01 5.095225e+01 3.591388e+01 4.886349e+01 4.759640e+01 4.582102e+01 4.529376e+01 3.454303e+01 7.280552e-01 1.306401e+00 1.936934e+00 1.864201e+00 2.507795e+00 2.504478e+00 2.606582e+00 4.374020e+00 2.969084e+00 2.496965e+00 2.402101e+00 2.132645e+00 1.100226e+00
<GConst> 9.719018e+01
<State> 3
<Mean> 25
 7.547910e+00 3.649069e+00 5.575251e+00 3.483862e+00 -4.268033e-01 -5.714999e-01 7.988719e-01 -6.509157e+00 -4.633646e+00 -1.364078e+00 -3.557234e+00 -1.141340e+00 -1.076741e+00 -2.042781e-01 1.737405e-01 -4.032491e-01 5.320789e-01 2.037473e-02 -3.599065e-01 1.416979e+00 6.535798e-01 -4.001251e-02 2.700113e-01 7.711329e-02 -9.009593e-01
<Variance> 25
 1.309641e+01 2.605543e+01 2.985425e+01 3.010858e+01 3.678949e+01 4.215799e+01 3.684301e+01 4.720003e+01 4.466002e+01 3.965039e+01 3.891123e+01 2.798521e+01 1.257825e+00 2.235236e+00 2.274591e+00 2.416129e+00 3.104140e+00 2.937381e+00 2.846608e+00 4.217837e+00 3.399361e+00 2.849322e+00 2.732207e+00 2.426768e+00 3.176172e+00
<GConst> 1.006119e+02
<State> 4
<Mean> 25
 5.041522e+00 -3.286156e-01 2.792284e+00 4.006883e-01 -1.385732e+00 -3.720930e-01 -2.144250e+00 -1.783784e+00 -2.484681e+00 -1.990284e+00 -2.974276e+00 -1.478285e+00 -1.400947e+00 -1.010861e+00 -9.882157e-01 -1.101057e+00 -3.042038e-02 5.133115e-01 -3.884684e-01 1.829942e+00 6.974290e-01 -6.883574e-02 5.232146e-01 3.113515e-02 1.437432e+00
<Variance> 25
 2.100193e+01 4.474561e+01 5.512964e+01 4.492456e+01 4.818317e+01 4.775172e+01 5.061200e+01 5.988456e+01 5.069371e+01 4.489224e+01 4.073636e+01 3.088860e+01 3.332739e+00 3.814530e+00 4.842440e+00 4.356195e+00 5.601051e+00 5.175134e+00 4.906754e+00 6.278688e+00 4.927472e+00 4.148593e+00 4.507537e+00 3.509573e+00 3.321102e+00
<GConst> 1.105978e+02
<TransP> 5
 0.000000e+00 1.000000e+00 0.000000e+00 0.000000e+00 0.000000e+00
 0.000000e+00 6.014028e-01 3.985972e-01 0.000000e+00 0.000000e+00
 0.000000e+00 0.000000e+00 4.509440e-01 5.490561e-01 0.000000e+00
 0.000000e+00 0.000000e+00 0.000000e+00 4.681894e-01 5.318106e-01
 0.000000e+00 0.000000e+00 0.000000e+00 0.000000e+00 0.000000e+00
<EndHMM>
~h "N"
<BeginHMM>
<NumStates> 5
<State> 2
<Mean> 25
 2.634411e+00 -7.089489e-01 6.681722e-02 -4.583772e+00 -2.939223e+00 -3.938500e+00 -4.442528e+00 -3.178406e+00 -4.765884e+00 -2.060263e+00 -3.862419e+00 -1.671007e+00 -9.944103e-01 1.725106e+00 6.028554e-01 1.282035e+00 1.059020e+00 3.110317e-01 3.436874e-01 -4.189810e-01 3.489247e-01 -2.957147e-01 4.341705e-01 3.511723e-01 -1.228554e+00
<Variance> 25
 3.102217e+01 5.101198e+01 4.883392e+01 9.476927e+01 6.052402e+01 6.920274e+01 6.908715e+01 7.728514e+01 6.953922e+01 4.313984e+01 6.216675e+01 4.236426e+01 3.579320e+00 5.974739e+00 3.438766e+00 8.130249e+00 5.794242e+00 4.457186e+00 4.397791e+00 5.488068e+00 4.815153e+00 3.417196e+00 4.331164e+00 2.754087e+00 7.233799e+00
<GConst> 1.146457e+02
<State> 3
<Mean> 25
 4.129736e-01 2.761250e+00 1.384166e+00 -1.352663e+00 -2.965693e-01 -3.275188e+00 -3.427469e+00 -3.545822e+00 -3.006741e+00 -2.882359e+00 -2.215774e+00 -1.418269e+00 -1.986328e+00 1.400060e+00 5.290027e-01 1.435230e+00 1.760750e+00 1.047092e+00 1.277907e+00 5.602378e-01 1.249034e+00 1.731850e-01 1.087061e+00 5.718623e-01 -1.387961e+00
<Variance> 25
 3.604458e+01 5.165298e+01 3.903993e+01 6.213035e+01 4.756282e+01 5.674798e+01 6.323269e+01 7.789035e+01 5.615744e+01 4.713943e+01 4.586073e+01 3.640933e+01 5.794351e+00 4.796127e+00 3.310611e+00 6.028865e+00 5.653111e+00 5.366560e+00 5.371317e+00 5.506066e+00 5.238600e+00 3.650662e+00 4.856194e+00 2.982194e+00 5.690047e+00
<GConst> 1.134548e+02
<State> 4
<Mean> 25
 -4.910649e+00 3.915124e+00 1.820574e+00 -4.837948e-01 2.237865e+00 -5.016767e-01 -1.048013e+00 -1.726973e+00 -4.084140e-01 -2.466619e+00 -4.048068e-01 -6.330192e-01 -2.040319e+00 6.242468e-02 -2.147160e-01 5.796855e-01 1.188918e+00 1.210829e+00 1.403824e+00 1.410789e+00 1.662350e+00 8.506992e-01 1.352397e+00 7.423961e-01 -5.092702e-01
<Variance> 25
 7.061292e+01 5.222661e+01 3.771902e+01 4.886150e+01 3.713269e+01 4.626101e+01 4.675889e+01 5.275134e+01 4.637090e+01 3.992673e+01 3.818846e+01 3.125242e+01 4.953830e+00 3.237378e+00 2.967764e+00 3.835542e+00 3.899384e+00 4.371289e+00 4.471524e+00 5.457130e+00 5.036815e+00 3.485258e+00 4.268123e+00 2.685436e+00 3.087405e+00
<GConst> 1.092159e+02
<TransP> 5
 0.000000e+00 1.000000e+00 0.000000e+00 0.000000e+00 0.000000e+00
 0.000000e+00 2.095578e-01 7.904422e-01 0.000000e+00 0.000000e+00
 0.000000e+00 0.000000e+00 6.777162e-02 9.322284e-01 0.000000e+00
 0.000000e+00 0.000000e+00 0.000000e+00 3.293139e-01 6.706861e-01
 0.000000e+00 0.000000e+00 0.000000e+00 0.000000e+00 0.000000e+00
<EndHMM>
~h "o"
<BeginHMM>
<NumStates> 5
<State> 2
<Mean> 25
 7.085342e+00 -9.249913e-01 -8.817704e+00 -1.007701e+01 -1.066294e+00 5.576754e+00 -5.009743e+00 -3.711526e+00 2.192283e-01 3.297131e+00 1.467879e+00 -2.468050e+00 3.316423e-01 -5.366100e-02 -4.832623e-01 -7.003963e-01 2.059295e-01 8.636011e-01 1.638053e-01 -4.261608e-01 -1.927733e-01 6.224378e-02 4.784707e-01 -8.232608e-02 -7.032358e-02
<Variance> 25
 1.235571e+01 2.974444e+01 3.192316e+01 5.773222e+01 3.984245e+01 5.980126e+01 5.897255e+01 5.332122e+01 5.551507e+01 6.987848e+01 6.873275e+01 3.570025e+01 6.737324e-01 1.525739e+00 1.690791e+00 3.431276e+00 2.889329e+00 2.781600e+00 2.981096e+00 3.020276e+00 3.381005e+00 3.585307e+00 2.738832e+00 2.451071e+00 1.096365e+00
<GConst> 1.018294e+02
<State> 3
<Mean> 25
 7.959848e+00 1.596370e-01 -7.709937e+00 -7.382099e+00 5.019574e-01 6.282490e+00 -4.490061e+00 -4.167637e+00 -3.473269e-01 3.002828e+00 2.365730e+00 -1.737954e+00 -2.078820e-01 1.249573e-01 1.142166e+00 1.789699e+00 7.906650e-01 -8.829517e-01 9.698407e-02 -8.740357e-02 5.056292e-01 -2.742164e-01 -4.897601e-01 -7.892847e-02 -1.512486e+00
<Variance> 25
 1.269819e+01 3.239092e+01 3.703126e+01 5.049306e+01 5.062211e+01 5.762731e+01 6.278735e+01 4.884994e+01 5.599576e+01 6.553198e+01 5.615981e+01 3.771850e+01 1.058250e+00 2.265139e+00 2.361672e+00 3.770732e+00 3.839655e+00 3.740583e+00 4.397724e+00 4.190576e+00 4.876252e+00 4.689610e+00 3.684639e+00 2.955223e+00 2.775315e+00
<GConst> 1.065506e+02
<State> 4
<Mean> 25
 4.633232e+00 -9.110882e-02 -3.659511e+00 -1.590106e+00 2.027345e+00 1.211594e+00 -4.338311e+00 -2.874128e+00 2.367019e+00 1.334969e+00 -2.164069e-01 -1.696103e+00 -1.418371e+00 6.287359e-01 1.403821e+00 1.453136e+00 7.024511e-01 -9.433084e-01 6.347146e-01 2.637211e-01 1.922865e-01 -8.287565e-01 -2.604052e-01 3.560988e-01 -6.395268e-01
<Variance> 25
 4.459937e+01 3.658548e+01 3.857137e+01 4.144316e+01 5.109504e+01 5.366476e+01 6.043777e+01 6.157660e+01 5.559158e+01 5.055955e+01 4.624660e+01 3.154277e+01 6.003378e+00 4.461140e+00 4.031888e+00 4.110236e+00 5.939105e+00 4.699780e+00 4.731285e+00 6.428109e+00 5.625757e+00 5.160174e+00 5.014277e+00 3.310651e+00 3.551571e+00
<GConst> 1.123705e+02
<TransP> 5
 0.000000e+00 1.000000e+00 0.000000e+00 0.000000e+00 0.000000e+00
 0.000000e+00 6.690934e-01 3.309065e-01 0.000000e+00 0.000000e+00
 0.000000e+00 0.000000e+00 6.019130e-01 3.980871e-01 0.000000e+00
 0.000000e+00 0.000000e+00 0.000000e+00 4.324088e-01 5.675911e-01
 0.000000e+00 0.000000e+00 0.000000e+00 0.000000e+00 0.000000e+00
<EndHMM>
~h "O"
<BeginHMM>
<NumStates> 5
<State> 2
<Mean> 25
 5.409454e+00 -3.045793e+00 -5.600313e+00 -8.053215e+00 -1.062035e+00 -4.681814e+00 -7.664537e+00 -1.922422e+00 1.060529e+00 -5.659424e-01 -4.239233e+00 -2.568805e+00 1.019079e+00 -7.807348e-01 -1.474740e+00 -1.561571e+00 8.729147e-01 1.289826e+00 -3.466768e-01 -6.121855e-01 -9.701323e-02 2.626653e-01 -2.070819e-01 -5.753905e-01 5.208391e-01
<Variance> 25
 2.008956e+01 4.490799e+01 4.235994e+01 6.224908e+01 5.186531e+01 6.532256e+01 6.832507e+01 4.766332e+01 4.937151e+01 6.967442e+01 4.181820e+01 3.219299e+01 2.213339e+00 2.239732e+00 2.615663e+00 4.856716e+00 4.507802e+00 4.068675e+00 5.207557e+00 3.781926e+00 3.743199e+00 4.126056e+00 4.072119e+00 3.145795e+00 1.656059e+00
<GConst> 1.080179e+02
<State> 3
<Mean> 25
 7.064437e+00 -4.881658e+00 -1.006356e+01 -1.234991e+01 3.294359e+00 2.530424e+00 -5.387605e+00 -4.572364e+00 -1.959719e+00 -1.673703e+00 -2.464614e+00 -3.065221e+00 3.889381e-02 4.399827e-02 -2.395374e-02 -6.961001e-03 5.045887e-02 2.012473e-01 1.169467e-01 -9.713757e-03 -6.672926e-02 -8.691738e-02 9.602528e-02 3.801069e-02 -1.654276e-01
<Variance> 25
 1.607000e+01 4.876311e+01 3.205654e+01 7.719434e+01 4.922493e+01 4.365808e+01 5.355172e+01 3.758570e+01 4.523016e+01 5.283456e+01 3.919963e+01 4.123393e+01 2.101504e-01 4.918241e-01 5.756912e-01 1.030390e+00 1.052636e+00 1.421194e+00 1.412167e+00 1.285719e+00 1.451112e+00 1.391916e+00 1.305798e+00 1.155786e+00 2.457361e-01
<GConst> 8.879015e+01
<State> 4
<Mean> 25
 4.461859e+00 -1.386112e+00 -5.310627e+00 -5.317388e+00 2.114640e+00 5.022491e-01 -3.006305e+00 -1.705213e+00 5.285579e-01 -1.094779e-01 -9.106506e-01 -1.272788e+00 -5.145213e-01 4.194058e-01 9.519864e-01 1.490728e+00 -1.494139e-01 -4.325836e-01 5.213768e-01 4.600394e-01 6.704313e-02 -9.709533e-02 5.461783e-02 2.374215e-01 -9.724974e-01
<Variance> 25
 2.416397e+01 3.510793e+01 3.825121e+01 8.547198e+01 4.554100e+01 4.850961e+01 6.005996e+01 4.347765e+01 4.695002e+01 5.096447e+01 5.030167e+01 3.787916e+01 1.126638e+00 1.870155e+00 2.218697e+00 4.134377e+00 3.165657e+00 3.459630e+00 3.585727e+00 3.129041e+00 3.247220e+00 3.105604e+00 2.893711e+00 2.552915e+00 1.742272e+00
<GConst> 1.043219e+02
<TransP> 5
 0.000000e+00 1.000000e+00 0.000000e+00 0.000000e+00 0.000000e+00
 0.000000e+00 6.627827e-01 3.372173e-01 0.000000e+00 0.000000e+00
 0.000000e+00 0.000000e+00 8.526988e-01 1.473012e-01 0.000000e+00
 0.000000e+00 0.000000e+00 0.000000e+00 7.412018e-01 2.587982e-01
 0.000000e+00 0.000000e+00 0.000000e+00 0.000000e+00 0.000000e+00
<EndHMM>
~h "p"
<BeginHMM>
<NumStates> 5
<State> 2
<Mean> 25
 -3.947918e+00 1.034788e+00 6.368430e-01 1.963254e+00 5.268532e+00 -4.703231e-01 2.714534e+00 2.935988e+00 2.744558e+00 7.341850e-01 7.716600e-01 2.243448e+00 -4.703329e-01 -9.782799e-02 -4.750514e-02 1.508163e-01 7.797445e-02 -5.736693e-02 -2.688476e-02 1.208622e-01 6.524690e-02 5.835262e-02 1.245837e-01 1.111153e-01 -3.712281e-01
<Variance> 25
 5.617423e+01 5.253806e+01 4.405516e+01 2.986297e+01 4.527942e+01 5.132488e+01 4.599633e+01 4.492899e+01 4.055273e+01 3.705098e+01 3.801516e+01 2.970747e+01 2.233054e+00 1.842592e+00 1.942055e+00 1.654282e+00 2.039991e+00 2.459077e+00 2.384892e+00 2.370197e+00 2.451565e+00 2.257321e+00 2.206574e+00 1.855458e+00 3.735629e+00
<GConst> 1.012129e+02
<State> 3
<Mean> 25
 -2.239377e+00 9.917165e-01 -1.061200e-01 2.615707e+00 4.029449e+00 -5.200884e-01 -2.910576e-03 1.058480e+00 1.738660e+00 5.307360e-01 1.330257e+00 5.799043e-01 1.415212e+00 -1.260169e+00 -2.062756e+00 -8.173063e-01 -9.238991e-01 1.070502e+00 -4.696004e-01 -9.819859e-02 -4.529038e-01 2.521810e-01 7.112999e-02 -4.684409e-01 4.782523e+00
<Variance> 25
 2.953820e+01 3.310303e+01 4.683898e+01 3.135223e+01 3.973091e+01 4.410259e+01 3.823343e+01 3.670583e+01 3.561086e+01 3.000586e+01 3.361899e+01 2.350115e+01 6.022322e+00 5.709630e+00 7.233773e+00 6.574478e+00 7.231106e+00 6.809001e+00 5.994496e+00 5.797032e+00 5.831505e+00 5.459184e+00 5.085417e+00 3.920950e+00 5.775336e+00
<GConst> 1.115370e+02
<State> 4
<Mean> 25
 6.930166e+00 -7.335118e-01 -5.325000e+00 -5.033141e+00 -1.996951e+00 4.583154e+00 -1.351889e+00 -1.793185e+00 -5.444342e-01 1.749919e-01 1.283104e+00 -1.047265e+00 1.692482e+00 -8.098691e-01 -6.416972e-01 -1.255786e+00 -1.546426e+00 4.505306e-01 -5.923683e-01 -5.068247e-01 -3.025344e-01 9.617700e-02 -2.042359e-01 -3.263982e-01 1.790941e+00
<Variance> 25
 2.260167e+01 4.767883e+01 7.033402e+01 8.554383e+01 6.487972e+01 7.134551e+01 5.371864e+01 4.506345e+01 5.198896e+01 5.446440e+01 4.495284e+01 3.541774e+01 4.072937e+00 5.385550e+00 6.222246e+00 9.273396e+00 7.563991e+00 6.026267e+00 6.066266e+00 5.814490e+00 6.551008e+00 6.039444e+00 6.242153e+00 4.058557e+00 5.197436e+00
<GConst> 1.162693e+02
<TransP> 5
 0.000000e+00 1.000000e+00 0.000000e+00 0.000000e+00 0.000000e+00
 0.000000e+00 7.698392e-01 2.301608e-01 0.000000e+00 0.000000e+00
 0.000000e+00 0.000000e+00 6.017510e-01 3.982490e-01 0.000000e+00
 0.000000e+00 0.000000e+00 0.000000e+00 5.081486e-01 4.918515e-01
 0.000000e+00 0.000000e+00 0.000000e+00 0.000000e+00 0.000000e+00
<EndHMM>
~h "r"
<BeginHMM>
<NumStates> 5
<State> 2
<Mean> 25
 4.815000e+00 -2.698534e+00 2.829663e-02 3.557274e+00 -1.576031e+00 -2.867987e+00 -3.704820e+00 1.015630e+00 2.110852e+00 3.699661e-01 -8.215809e-01 -1.214810e+00 1.970784e-01 -4.047898e-01 5.734043e-01 -7.687353e-02 -2.590292e-01 -1.940214e-01 -3.613414e-01 1.118596e-01 -9.206036e-02 -8.333906e-02 -1.172806e-01 3.195451e-02 -2.418778e-01
<Variance> 25
 1.915357e+01 2.732158e+01 5.329301e+01 3.166002e+01 5.528528e+01 4.303406e+01 5.014854e+01 4.824777e+01 4.280817e+01 4.053399e+01 3.515244e+01 2.628813e+01 2.518912e+00 2.826954e+00 3.951231e+00 2.773415e+00 4.808183e+00 3.613816e+00 3.823573e+00 4.452991e+00 4.013503e+00 3.703805e+00 3.379920e+00 2.619043e+00 3.056697e+00
<GConst> 1.055355e+02
<State> 3
<Mean> 25
 5.171898e+00 -4.372381e+00 3.259728e-01 2.039946e+00 -3.893556e+00 -2.812975e+00 -4.691373e+00 1.890681e+00 1.679581e+00 6.685963e-01 -9.217859e-01 -8.022940e-01 -8.791149e-02 -6.050047e-01 -1.229735e-01 -1.007412e+00 -7.296597e-01 1.789431e-01 1.388065e-01 1.839423e-01 -3.510017e-01 2.057661e-01 -1.536259e-01 -7.785476e-03 7.326656e-01
<Variance> 25
 1.796050e+01 3.029321e+01 5.977172e+01 3.365288e+01 5.762611e+01 4.496950e+01 5.677465e+01 5.747486e+01 4.751120e+01 4.729315e+01 4.088334e+01 3.038978e+01 2.700584e+00 3.143625e+00 5.259810e+00 3.414347e+00 5.765718e+00 4.207191e+00 4.795376e+00 5.577309e+00 5.016630e+00 4.891243e+00 4.533935e+00 3.303586e+00 2.599781e+00
<GConst> 1.090095e+02
<State> 4
<Mean> 25
 3.929030e+00 -2.640371e+00 -8.862156e-01 -3.550219e-01 -2.642497e+00 -6.759303e-01 -2.238037e+00 -2.401120e-01 -1.395613e-01 4.403540e-01 -9.642016e-01 -1.313237e+00 -1.357168e-01 4.668029e-02 -1.121335e-01 -4.295844e-01 -1.894453e-02 1.535597e-01 3.510198e-01 -2.096888e-01 -2.395442e-01 -1.536014e-03 -4.325402e-02 5.888515e-03 2.118782e-01
<Variance> 25
 3.753065e+01 4.690371e+01 8.130698e+01 5.031717e+01 6.701800e+01 6.235750e+01 5.844523e+01 6.634656e+01 6.250115e+01 5.528792e+01 5.088078e+01 3.614972e+01 3.063828e+00 3.318791e+00 4.610811e+00 4.385135e+00 5.738569e+00 4.580245e+00 4.717249e+00 5.313804e+00 5.081895e+00 4.358449e+00 4.166592e+00 3.137014e+00 4.604643e+00
<GConst> 1.130141e+02
<TransP> 5
 0.000000e+00 1.000000e+00 0.000000e+00 0.000000e+00 0.000000e+00
 0.000000e+00 3.184314e-01 6.815686e-01 0.000000e+00 0.000000e+00
 0.000000e+00 0.000000e+00 1.841805e-01 8.158194e-01 0.000000e+00
 0.000000e+00 0.000000e+00 0.000000e+00 6.209965e-01 3.790036e-01
 0.000000e+00 0.000000e+00 0.000000e+00 0.000000e+00 0.000000e+00
<EndHMM>
~h "R"
<BeginHMM>
<NumStates> 5
<State> 2
<Mean> 25
 1.517065e+00 -1.260528e+00 -4.493699e+00 -2.980278e+00 2.575510e+00 7.763491e+00 4.187646e+00 2.683150e+00 2.295141e+00 6.086645e-01 -1.517048e+00 1.328006e+00 -1.856340e+00 -8.357384e-01 1.208234e-02 4.049138e-02 9.054782e-01 1.416723e+00 1.437529e+00 1.567925e+00 1.181722e+00 1.011872e+00 9.131863e-01 9.003451e-01 -1.101182e+00
<Variance> 25
 2.963630e+01 3.788218e+01 3.123733e+01 4.078022e+01 8.047737e+01 6.434750e+01 7.009820e+01 9.542760e+01 5.597499e+01 4.861786e+01 4.486860e+01 5.085097e+01 2.385949e+00 3.475616e+00 2.855021e+00 3.859026e+00 7.560272e+00 5.049946e+00 4.491703e+00 4.598735e+00 5.333080e+00 5.384515e+00 4.589792e+00 4.174593e+00 2.258718e+00
<GConst> 1.114326e+02
<State> 3
<Mean> 25
 -4.660428e+00 -5.601783e+00 -4.223115e+00 -3.026572e+00 3.446922e+00 7.540657e+00 6.213015e+00 6.097273e+00 5.575988e+00 3.703098e+00 1.826296e+00 3.838252e+00 -1.197942e-01 5.637696e-02 -2.876686e-02 1.159042e-01 -1.877998e-01 -1.489101e-01 1.525625e-02 1.780109e-01 2.507656e-02 5.150068e-02 9.822636e-02 5.890561e-02 -4.181670e-01
<Variance> 25
 2.401533e+01 3.977545e+01 2.700042e+01 4.126099e+01 9.461958e+01 6.034158e+01 5.474330e+01 5.557582e+01 3.896570e+01 3.308117e+01 2.930731e+01 2.928562e+01 9.144462e-01 1.226400e+00 1.062711e+00 1.265371e+00 1.543696e+00 1.832952e+00 1.914871e+00 1.940408e+00 1.876439e+00 1.757550e+00 1.727729e+00 1.471610e+00 9.703751e-01
<GConst> 9.527139e+01
<State> 4
<Mean> 25
 -2.442061e+00 -2.214793e+00 -4.296584e+00 -1.500999e+00 3.189700e+00 7.009433e+00 5.331425e+00 5.249301e+00 4.256074e+00 4.203579e+00 1.873289e+00 3.000486e+00 -1.912132e-01 4.179886e-01 4.449542e-01 6.376684e-01 -2.508005e-01 -5.888273e-01 -2.779276e-01 -1.199234e-01 -3.589165e-01 -8.979464e-02 3.924505e-02 -8.440163e-02 -6.303925e-01
<Variance> 25
 2.726285e+01 3.127399e+01 3.312545e+01 4.413028e+01 9.147760e+01 6.215462e+01 4.971044e+01 6.053253e+01 4.092244e+01 3.592049e+01 3.272183e+01 3.194728e+01 2.143515e+00 2.978669e+00 2.953002e+00 3.284010e+00 3.811277e+00 3.889174e+00 3.670467e+00 4.036090e+00 3.366424e+00 2.909117e+00 2.727987e+00 2.585128e+00 3.142459e+00
<GConst> 1.057805e+02
<TransP> 5
 0.000000e+00 1.000000e+00 0.000000e+00 0.000000e+00 0.000000e+00
 0.000000e+00 6.966266e-01 3.033734e-01 0.000000e+00 0.000000e+00
 0.000000e+00 0.000000e+00 8.667563e-01 1.332437e-01 0.000000e+00
 0.000000e+00 0.000000e+00 0.000000e+00 3.682658e-01 6.317343e-01
 0.000000e+00 0.000000e+00 0.000000e+00 0.000000e+00 0.000000e+00
<EndHMM>
~h "s"
<BeginHMM>
<NumStates> 5
<State> 2
<Mean> 25
 -1.015678e+01 8.224097e+00 1.731132e+00 6.995515e-01 6.751378e+00 -2.668276e+00 1.409971e+00 2.898787e+00 2.189025e+00 -1.942412e+00 1.529812e+00 5.024343e-01 -5.113616e+00 2.219985e+00 -2.924388e-01 2.265494e-02 1.560797e+00 3.194828e-01 3.751290e-01 1.257155e+00 7.216369e-01 2.382835e-01 1.022441e+00 5.290278e-01 -5.368087e-01
<Variance> 25
 6.306190e+01 3.267253e+01 3.166112e+01 2.905729e+01 4.037014e+01 5.288544e+01 5.703820e+01 6.310330e+01 5.762654e+01 4.369000e+01 3.450262e+01 2.441080e+01 4.234764e+00 5.072917e+00 3.525664e+00 3.181788e+00 5.131669e+00 3.706780e+00 4.000432e+00 4.029775e+00 3.957439e+00 3.540234e+00 4.120751e+00 2.722226e+00 1.386872e+00
<GConst> 1.074186e+02
<State> 3
<Mean> 25
 -1.739305e+01 7.100423e+00 -1.761987e+00 8.610150e-01 5.796586e+00 -1.934483e+00 1.751340e+00 3.869432e+00 2.219280e+00 -8.544534e-01 3.327050e+00 1.869122e+00 2.804275e-01 -5.348628e-01 -1.740527e-01 2.887720e-01 -3.021504e-01 4.546348e-03 2.367466e-01 -1.261807e-01 -2.408239e-01 4.392486e-02 -2.263795e-02 6.248653e-02 -7.113810e-01
<Variance> 25
 4.952249e+01 4.271376e+01 2.935834e+01 3.292578e+01 4.322155e+01 4.522858e+01 5.425488e+01 4.347528e+01 4.538750e+01 3.324657e+01 4.410589e+01 2.440654e+01 5.134394e+00 2.014141e+00 2.325636e+00 1.890519e+00 2.113664e+00 2.400801e+00 3.004690e+00 2.866733e+00 2.760189e+00 2.497723e+00 2.133913e+00 1.723273e+00 2.179532e+00
<GConst> 1.017289e+02
<State> 4
<Mean> 25
 -7.670671e+00 5.037999e+00 1.060281e+00 2.792573e+00 2.030116e+00 -2.579975e+00 2.719543e+00 3.844723e-01 -3.639089e-01 -1.295667e+00 1.039001e+00 6.365588e-01 3.659177e+00 -7.730817e-01 9.748198e-01 -1.828559e-01 -1.678818e+00 -4.235818e-01 -6.396859e-01 -1.732415e+00 -8.892440e-01 -1.182275e-01 -8.139004e-01 -5.067676e-01 4.596415e-01
<Variance> 25
 6.742977e+01 3.207331e+01 4.554844e+01 2.882834e+01 5.649863e+01 4.653769e+01 5.360810e+01 5.537413e+01 4.369093e+01 3.470359e+01 3.784282e+01 2.318421e+01 6.223886e+00 4.455115e+00 4.875559e+00 3.574537e+00 4.627959e+00 3.980229e+00 5.108293e+00 5.058769e+00 4.658068e+00 4.143351e+00 4.867892e+00 2.572997e+00 5.066533e+00
<GConst> 1.102338e+02
<TransP> 5
 0.000000e+00 1.000000e+00 0.000000e+00 0.000000e+00 0.000000e+00
 0.000000e+00 5.516133e-01 4.483867e-01 0.000000e+00 0.000000e+00
 0.000000e+00 0.000000e+00 7.853388e-01 2.146612e-01 0.000000e+00
 0.000000e+00 0.000000e+00 0.000000e+00 6.046734e-01 3.953266e-01
 0.000000e+00 0.000000e+00 0.000000e+00 0.000000e+00 0.000000e+00
<EndHMM>
~h "S"
<BeginHMM>
<NumStates> 5
<State> 2
<Mean> 25
 -1.574421e+00 2.305347e+00 2.007980e-01 -1.341428e-01 -1.824084e+00 -2.946046e+00 -1.188307e-01 -1.384278e+00 6.164055e-03 -2.640670e+00 -4.814877e-01 -1.064643e+00 4.252271e+00 -1.126843e+00 -7.066773e-01 -9.711473e-01 -1.238317e+00 -4.810323e-01 -1.639772e+00 -1.073563e+00 -1.381920e-01 6.389202e-02 -1.277283e+00 -7.940642e-01 9.805714e-01
<Variance> 25
 5.153216e+01 2.843117e+01 5.085375e+01 3.120416e+01 5.355501e+01 3.883899e+01 5.704478e+01 5.473341e+01 4.344758e+01 3.903810e+01 3.498212e+01 2.161399e+01 6.847929e+00 4.080202e+00 4.186347e+00 4.021410e+00 4.011311e+00 3.819256e+00 3.817174e+00 4.453370e+00 4.479389e+00 4.944262e+00 5.780139e+00 2.656833e+00 1.544268e+00
<GConst> 1.083366e+02
<State> 3
<Mean> 25
 1.426713e+00 6.821896e-02 -1.779879e+00 -2.109309e+00 -2.699060e+00 -2.821673e+00 -1.825919e+00 -1.845929e+00 1.209098e-01 -2.307710e+00 -1.320092e+00 -1.882410e+00 2.303122e+00 -1.445853e+00 -1.189199e+00 -1.133477e+00 -5.080586e-01 1.688228e-01 -9.448199e-01 -3.861038e-01 2.873783e-01 5.890082e-01 -5.053542e-01 -4.228766e-01 6.946853e-01
<Variance> 25
 3.466244e+01 3.079778e+01 6.223309e+01 3.892059e+01 5.000360e+01 4.121319e+01 6.316284e+01 6.176945e+01 5.283755e+01 5.401306e+01 3.887106e+01 2.782526e+01 5.386011e+00 3.726177e+00 3.763014e+00 3.596318e+00 3.982375e+00 3.267505e+00 3.665193e+00 4.043624e+00 3.601671e+00 4.247779e+00 4.179016e+00 2.341982e+00 1.277478e+00
<GConst> 1.076751e+02
<State> 4
<Mean> 25
 5.830123e-01 5.301314e-03 -1.006340e+00 -1.124659e+00 -5.563709e-01 -1.281303e+00 -1.179745e+00 -1.016492e+00 8.591054e-01 -3.905197e-01 -3.000843e-01 -6.698259e-01 4.448323e-01 -3.553964e-01 -3.157533e-01 -2.303209e-01 7.169615e-02 1.348226e-01 -1.241477e-01 -1.259329e-02 1.405154e-01 1.777177e-01 -3.039818e-03 -1.141778e-01 4.232886e-02
<Variance> 25
 8.098129e+01 4.024645e+01 7.894530e+01 4.597771e+01 6.420264e+01 5.107089e+01 6.112409e+01 6.232559e+01 5.674479e+01 4.556429e+01 4.335482e+01 3.235280e+01 5.698310e+00 3.624122e+00 4.446085e+00 3.868410e+00 5.124867e+00 3.624559e+00 4.459153e+00 4.755335e+00 4.372173e+00 3.900441e+00 3.650721e+00 2.843328e+00 3.276433e+00
<GConst> 1.118891e+02
<TransP> 5
 0.000000e+00 1.000000e+00 0.000000e+00 0.000000e+00 0.000000e+00
 0.000000e+00 4.910936e-02 9.508907e-01 0.000000e+00 0.000000e+00
 0.000000e+00 0.000000e+00 9.743863e-02 9.025614e-01 0.000000e+00
 0.000000e+00 0.000000e+00 0.000000e+00 6.751147e-01 3.248853e-01
 0.000000e+00 0.000000e+00 0.000000e+00 0.000000e+00 0.000000e+00
<EndHMM>
~h "t"
<BeginHMM>
<NumStates> 5
<State> 2
<Mean> 25
 -5.566312e+00 4.415629e+00 2.291571e+00 2.090084e+00 2.376242e+00 -3.217283e+00 3.510317e-01 -2.106994e-01 1.160077e-01 -1.650670e-01 1.030858e+00 9.181890e-01 -1.202296e+00 -6.066468e-01 -6.439244e-01 -2.818294e-01 3.762272e-01 3.812649e-01 2.557374e-01 5.098287e-01 2.048478e-02 -3.968859e-02 4.978765e-01 2.071095e-01 1.178126e+00
<Variance> 25
 7.113723e+01 4.078555e+01 4.843710e+01 3.417651e+01 5.229075e+01 4.954736e+01 4.367582e+01 4.853904e+01 4.356859e+01 3.490246e+01 3.696791e+01 2.452059e+01 6.245820e+00 4.266437e+00 4.384513e+00 2.833043e+00 4.112369e+00 4.295891e+00 3.837282e+00 4.119874e+00 3.443435e+00 3.163819e+00 3.804214e+00 2.418791e+00 8.734381e+00
<GConst> 1.091963e+02
<State> 3
<Mean> 25
 -7.403843e+00 -1.148846e-01 -1.290806e+00 1.106237e+00 3.683733e+00 -4.597825e-02 2.744263e+00 2.828209e+00 6.240039e-01 -7.516485e-02 3.011355e+00 1.593081e+00 1.497252e+00 -7.938977e-01 -9.086979e-01 -5.052162e-01 -1.492173e+00 -1.321982e-01 -3.560124e-01 2.673762e-01 3.354881e-01 -8.908141e-02 -3.941533e-01 -1.755346e-01 4.498495e+00
<Variance> 25
 2.576572e+01 2.256075e+01 2.606628e+01 2.451540e+01 3.122511e+01 3.155062e+01 3.303484e+01 2.968944e+01 2.819794e+01 2.480609e+01 4.893562e+01 2.085776e+01 4.979445e+00 4.091620e+00 6.855045e+00 3.692124e+00 5.442639e+00 4.943577e+00 5.339561e+00 5.975948e+00 5.538664e+00 4.802794e+00 5.099311e+00 3.067689e+00 4.959614e+00
<GConst> 1.066649e+02
<State> 4
<Mean> 25
 1.641707e+00 4.974223e-01 -1.223212e+00 1.197175e-01 -3.172532e+00 -4.065572e+00 -1.628336e+00 1.951133e-01 1.145645e+00 -1.109428e-01 -8.971615e-01 -1.171531e-01 2.787276e+00 -8.634888e-01 -4.061455e-01 -1.048428e+00 -2.494874e+00 -4.861670e-01 -1.334024e+00 -8.870087e-01 2.005937e-01 2.327397e-01 -1.122535e+00 -7.440266e-01 2.207893e+00
<Variance> 25
 2.159836e+01 2.716663e+01 5.364897e+01 3.272429e+01 5.401156e+01 3.961148e+01 4.716901e+01 4.582241e+01 4.399029e+01 4.013937e+01 3.725212e+01 2.087414e+01 2.615431e+00 4.367573e+00 7.067841e+00 4.073049e+00 5.446280e+00 5.070322e+00 5.510875e+00 6.618495e+00 5.857897e+00 5.658391e+00 8.432176e+00 3.611923e+00 2.612175e+00
<GConst> 1.098594e+02
<TransP> 5
 0.000000e+00 1.000000e+00 0.000000e+00 0.000000e+00 0.000000e+00
 0.000000e+00 6.515284e-01 3.484716e-01 0.000000e+00 0.000000e+00
 0.000000e+00 0.000000e+00 4.083519e-01 5.916481e-01 0.000000e+00
 0.000000e+00 0.000000e+00 0.000000e+00 3.691283e-01 6.308717e-01
 0.000000e+00 0.000000e+00 0.000000e+00 0.000000e+00 0.000000e+00
<EndHMM>
~h "u"
<BeginHMM>
<NumStates> 5
<State> 2
<Mean> 25
 7.271955e+00 5.362232e+00 -4.572912e+00 -3.943637e+00 -1.440374e+00 4.245420e+00 -5.695287e+00 -6.772614e+00 -5.132395e+00 -6.457331e-01 1.312507e+00 -1.004371e+00 1.714749e+00 9.528704e-01 -7.560429e-01 -1.895295e+00 -1.461437e+00 1.394043e+00 -2.315807e-01 -1.229638e+00 -1.744760e+00 -3.648217e-01 5.751101e-01 1.684110e-01 4.745671e-01
<Variance> 25
 1.785701e+01 3.959983e+01 3.576833e+01 5.381530e+01 5.427340e+01 4.713613e+01 7.589913e+01 6.977195e+01 5.480950e+01 6.238906e+01 4.509850e+01 3.505465e+01 3.165165e+00 3.288687e+00 3.675317e+00 4.360447e+00 5.592327e+00 4.623481e+00 6.319767e+00 6.728314e+00 5.601799e+00 6.005857e+00 4.966664e+00 3.477259e+00 3.372715e+00
<GConst> 1.116955e+02
<State> 3
<Mean> 25
 9.161909e+00 6.413575e+00 -5.359100e+00 -7.646473e+00 -5.035004e+00 7.616038e+00 -3.916580e+00 -6.018349e+00 -7.772125e+00 -3.851107e+00 1.447041e+00 -1.705809e+00 4.678234e-02 -4.181002e-01 1.679248e-01 6.173074e-01 2.264830e-01 2.069088e-01 -1.057307e-01 -5.776396e-01 3.718017e-02 1.006029e-01 5.889341e-02 -1.352042e-01 -3.239338e-02
<Variance> 25
 1.108249e+01 3.663413e+01 3.085397e+01 5.322609e+01 5.304514e+01 4.690751e+01 6.423222e+01 5.952391e+01 6.153414e+01 7.483360e+01 5.396346e+01 4.717501e+01 6.166490e-01 2.306476e+00 1.924655e+00 3.864703e+00 3.894309e+00 2.918713e+00 4.369980e+00 5.184163e+00 4.391600e+00 4.458632e+00 3.696364e+00 3.255683e+00 1.610382e+00
<GConst> 1.055510e+02
<State> 4
<Mean> 25
 7.664815e+00 3.466620e+00 -2.468623e+00 -1.868407e-01 2.760099e-01 4.187666e+00 -6.627376e+00 -9.152952e+00 -3.385789e+00 -3.032377e-01 4.987778e-01 -1.736681e+00 -8.275890e-01 -2.770501e-01 1.680595e+00 1.840261e+00 1.231235e+00 -1.722640e+00 4.112850e-01 5.396153e-01 1.566075e+00 -3.947167e-02 -1.134382e+00 -1.666966e-01 -9.372373e-01
<Variance> 25
 1.477007e+01 3.547672e+01 4.115435e+01 4.544530e+01 5.527454e+01 5.313856e+01 8.390990e+01 6.495811e+01 5.479103e+01 6.078593e+01 5.308894e+01 3.853157e+01 2.085542e+00 2.897857e+00 3.118798e+00 3.877062e+00 5.046094e+00 4.884907e+00 6.640066e+00 7.041809e+00 6.071613e+00 6.215381e+00 4.739878e+00 3.428618e+00 2.665068e+00
<GConst> 1.108056e+02
<TransP> 5
 0.000000e+00 1.000000e+00 0.000000e+00 0.000000e+00 0.000000e+00
 0.000000e+00 4.438126e-01 5.561874e-01 0.000000e+00 0.000000e+00
 0.000000e+00 0.000000e+00 6.864658e-01 3.135342e-01 0.000000e+00
 0.000000e+00 0.000000e+00 0.000000e+00 5.473413e-01 4.526587e-01
 0.000000e+00 0.000000e+00 0.000000e+00 0.000000e+00 0.000000e+00
<EndHMM>
~h "u~"
<BeginHMM>
<NumStates> 5
<State> 2
<Mean> 25
 4.505916e+00 -1.253661e+00 8.453919e-02 -5.871872e+00 -3.738867e-01 -4.009690e+00 -3.655401e+00 -1.503688e+00 -2.788166e+00 -2.513759e+00 -4.992667e+00 -2.283660e+00 2.576256e-01 3.719717e-01 5.975347e-02 7.582627e-02 -1.302937e-02 4.711677e-01 2.553422e-01 -3.992260e-01 -3.710135e-01 1.114926e-02 -2.788463e-01 1.170511e-02 -5.182678e-01
<Variance> 25
 1.706030e+01 5.101033e+01 4.416751e+01 6.612295e+01 7.603722e+01 5.812491e+01 5.684187e+01 6.121814e+01 4.613692e+01 5.966352e+01 5.303963e+01 3.220202e+01 6.015806e-01 1.375848e+00 2.590879e+00 2.646205e+00 3.317780e+00 3.265565e+00 3.072645e+00 3.398319e+00 3.289940e+00 3.174811e+00 2.654604e+00 2.445980e+00 1.013085e+00
<GConst> 1.033016e+02
<State> 3
<Mean> 25
 5.750553e+00 3.353839e+00 2.932817e+00 -1.672143e-01 -4.149266e+00 -3.455199e+00 -2.345581e+00 -5.041101e+00 -5.202790e+00 -9.415906e-01 -4.988882e+00 -2.069093e+00 -1.594699e-02 1.518041e-01 8.180083e-02 1.412071e-01 2.149096e-02 1.024188e-01 3.504686e-02 -6.341773e-02 -8.077885e-03 -4.574176e-02 -1.805623e-02 -9.588593e-03 -2.573705e-01
<Variance> 25
 1.609829e+01 2.332625e+01 3.863594e+01 4.524657e+01 4.933107e+01 3.137422e+01 3.663645e+01 3.829468e+01 3.528370e+01 3.993459e+01 3.581490e+01 3.542875e+01 2.804830e-01 5.261775e-01 7.702035e-01 8.268714e-01 1.150118e+00 1.104930e+00 1.259711e+00 1.211517e+00 1.207948e+00 1.239419e+00 1.194173e+00 1.061134e+00 3.212467e-01
<GConst> 8.613161e+01
<State> 4
<Mean> 25
 3.868301e+00 4.761134e+00 2.479637e+00 1.952341e+00 -1.855974e+00 -8.570149e-01 -2.666087e+00 -2.707002e+00 -2.728072e+00 -9.567807e-01 -2.043331e+00 -1.732538e+00 -6.644617e-01 -6.004975e-02 -7.584402e-02 5.737246e-01 9.290090e-01 5.695432e-01 3.310717e-01 5.858030e-01 5.265435e-01 2.988048e-01 6.451511e-01 2.343558e-01 -6.346407e-01
<Variance> 25
 2.250397e+01 3.012584e+01 3.244959e+01 5.016222e+01 4.814675e+01 3.815704e+01 4.164231e+01 3.980824e+01 3.892424e+01 3.573037e+01 3.566549e+01 2.901296e+01 1.404614e+00 1.699164e+00 2.151997e+00 2.530828e+00 3.179667e+00 2.811412e+00 3.130527e+00 3.135723e+00 3.136732e+00 2.881005e+00 2.902252e+00 2.615109e+00 1.394378e+00
<GConst> 1.005696e+02
<TransP> 5
 0.000000e+00 1.000000e+00 0.000000e+00 0.000000e+00 0.000000e+00
 0.000000e+00 6.315402e-01 3.684598e-01 0.000000e+00 0.000000e+00
 0.000000e+00 0.000000e+00 8.524687e-01 1.475314e-01 0.000000e+00
 0.000000e+00 0.000000e+00 0.000000e+00 4.907747e-01 5.092253e-01
 0.000000e+00 0.000000e+00 0.000000e+00 0.000000e+00 0.000000e+00
<EndHMM>
~h "U"
<BeginHMM>
<NumStates> 5
<State> 2
<Mean> 25
 6.246972e+00 9.727202e-01 2.768920e+00 3.838238e-01 -2.398746e+00 -7.515517e+00 -1.173089e+01 -2.942926e+00 -7.022803e+00 -5.048531e-01 1.098691e+00 -3.233749e+00 2.266029e+00 2.636485e-01 1.864553e+00 -3.908650e-01 -4.319299e+00 -5.121945e-01 -1.472481e+00 -2.086226e+00 -2.120763e-02 -8.796109e-01 1.013071e+00 -5.074132e-01 1.527284e+00
<Variance> 25
 2.129631e+01 2.295324e+01 3.564125e+01 3.079070e+01 5.484975e+01 6.725707e+01 4.284953e+01 4.473839e+01 4.166366e+01 5.287025e+01 4.128817e+01 3.127746e+01 1.453635e+00 3.117589e+00 3.623518e+00 4.277573e+00 4.120090e+00 4.702851e+00 5.151005e+00 5.495823e+00 4.601313e+00 4.651066e+00 3.988745e+00 3.646959e+00 1.221183e+00
<GConst> 1.062720e+02
<State> 3
<Mean> 25
 7.061231e+00 -4.092816e+00 2.029612e+00 -1.274827e+00 -5.711129e+00 -6.817297e+00 -1.089749e+01 -5.159596e+00 1.844116e+00 7.550424e-01 1.655338e+00 -3.438358e+00 1.236510e+00 -3.987352e-02 -1.575537e+00 -2.421437e+00 3.869772e-01 2.268997e+00 -6.063707e-01 -1.143720e+00 -6.320446e-01 1.707562e+00 1.311306e+00 -8.293844e-01 2.963989e-02
<Variance> 25
 1.463685e+01 2.918741e+01 3.264598e+01 4.337078e+01 3.709321e+01 4.896723e+01 4.341227e+01 5.283933e+01 3.981643e+01 4.542617e+01 4.125509e+01 3.118933e+01 1.832675e+00 1.747954e+00 2.015464e+00 2.680703e+00 3.561041e+00 3.440455e+00 4.005009e+00 3.560459e+00 3.952221e+00 3.452214e+00 3.142681e+00 2.806413e+00 7.094390e-01
<GConst> 1.016237e+02
<State> 4
<Mean> 25
 7.356174e+00 -4.028180e+00 1.261976e+00 -3.347074e+00 -8.920429e+00 -5.891228e+00 -1.233400e+01 -4.439701e+00 5.800158e-02 8.831769e-01 1.058654e+00 -4.582829e+00 -1.071372e-01 -1.718144e-01 4.183687e-01 3.125917e-01 -1.921372e-01 -2.190059e-01 1.393273e-01 1.774036e-01 6.593332e-01 -2.219380e-01 -5.877913e-01 2.078167e-01 -1.622691e-01
<Variance> 25
 2.082915e+01 2.412745e+01 3.494296e+01 3.415942e+01 3.557666e+01 7.625508e+01 5.653579e+01 6.659895e+01 4.755263e+01 6.173930e+01 4.980042e+01 3.808117e+01 2.777803e-01 6.441015e-01 1.320452e+00 1.804091e+00 1.467095e+00 2.248533e+00 1.885023e+00 1.848020e+00 2.055005e+00 2.210578e+00 2.155915e+00 1.716821e+00 4.056528e-01
<GConst> 9.443202e+01
<TransP> 5
 0.000000e+00 1.000000e+00 0.000000e+00 0.000000e+00 0.000000e+00
 0.000000e+00 4.635135e-01 5.364865e-01 0.000000e+00 0.000000e+00
 0.000000e+00 0.000000e+00 4.611855e-01 5.388145e-01 0.000000e+00
 0.000000e+00 0.000000e+00 0.000000e+00 6.945227e-01 3.054773e-01
 0.000000e+00 0.000000e+00 0.000000e+00 0.000000e+00 0.000000e+00
<EndHMM>
~h "v"
<BeginHMM>
<NumStates> 5
<State> 2
<Mean> 25
 2.198853e+00 3.238555e+00 1.445108e+00 2.621842e+00 2.444590e+00 2.421174e-01 -1.563127e+00 -3.543278e+00 -2.912947e+00 -1.862512e+00 -1.556401e+00 -5.704356e-01 -1.455165e+00 4.083860e-01 2.776548e-01 -4.125771e-02 9.105949e-01 1.683068e+00 1.116671e+00 5.301826e-01 7.188058e-01 1.506410e-01 8.633719e-02 3.982594e-02 -4.110599e-01
<Variance> 25
 3.300410e+01 1.771273e+01 2.145818e+01 2.907465e+01 3.294252e+01 3.639029e+01 3.431569e+01 3.423429e+01 2.935427e+01 2.882977e+01 2.483677e+01 2.500173e+01 3.053065e+00 1.946245e+00 2.236720e+00 2.935224e+00 3.224863e+00 3.729437e+00 3.379257e+00 3.139199e+00 4.387410e+00 3.124881e+00 2.566099e+00 2.398041e+00 9.690359e-01
<GConst> 9.900015e+01
<State> 3
<Mean> 25
 1.390420e+00 4.875541e+00 5.109712e+00 6.975326e+00 9.032873e+00 6.991095e+00 6.171644e+00 5.169897e+00 2.220030e+00 2.038839e+00 3.077987e-01 8.850003e-01 -2.632582e-01 -1.980863e-01 -3.526263e-02 -5.419232e-02 1.180553e-01 3.343963e-01 3.035322e-01 3.777340e-01 2.348044e-01 3.227783e-01 1.477215e-01 3.174917e-02 -3.362121e-01
<Variance> 25
 1.772474e+01 1.124703e+01 1.547465e+01 2.419612e+01 1.734886e+01 2.834515e+01 2.176976e+01 3.850624e+01 2.508167e+01 2.128263e+01 1.756767e+01 1.691488e+01 6.646340e-01 9.750771e-01 1.020279e+00 7.913781e-01 1.092478e+00 1.713752e+00 1.281433e+00 1.568994e+00 1.892912e+00 1.740960e+00 1.317970e+00 1.192212e+00 4.221040e-01
<GConst> 8.353082e+01
<State> 4
<Mean> 25
 2.667188e+00 1.975801e+00 -2.100593e-01 -4.036074e-01 1.026111e+00 1.524110e+00 -5.651509e-01 -3.847451e+00 -2.314858e+00 -9.989885e-01 -7.100353e-01 -2.938218e-01 1.736605e+00 -3.403003e-01 -6.897607e-01 -1.233459e+00 -1.212388e+00 -4.440780e-01 -3.411314e-01 -7.130579e-01 -4.304219e-01 2.573739e-01 3.211217e-01 1.592692e-01 4.120315e-01
<Variance> 25
 4.536978e+01 1.509444e+01 2.073689e+01 3.742266e+01 3.977477e+01 3.772105e+01 4.062257e+01 4.120169e+01 3.683907e+01 2.649146e+01 2.651422e+01 2.838563e+01 2.669793e+00 1.942915e+00 1.819919e+00 3.313800e+00 3.075568e+00 4.235997e+00 3.343150e+00 3.601546e+00 3.509695e+00 2.778442e+00 2.759400e+00 2.717302e+00 1.186323e+00
<GConst> 1.003349e+02
<TransP> 5
 0.000000e+00 1.000000e+00 0.000000e+00 0.000000e+00 0.000000e+00
 0.000000e+00 4.172689e-01 5.827311e-01 0.000000e+00 0.000000e+00
 0.000000e+00 0.000000e+00 6.958699e-01 3.041301e-01 0.000000e+00
 0.000000e+00 0.000000e+00 0.000000e+00 3.764495e-01 6.235505e-01
 0.000000e+00 0.000000e+00 0.000000e+00 0.000000e+00 0.000000e+00
<EndHMM>
~h "w"
<BeginHMM>
<NumStates> 5
<State> 2
<Mean> 25
 9.828320e+00 5.007342e+00 -7.006690e+00 -9.674497e+00 -3.005424e+00 7.221661e+00 -2.901120e+00 -3.140669e+00 -6.227470e+00 -3.044154e-01 1.342541e+00 2.742222e-01 7.152322e-01 3.675124e-02 -5.772098e-01 -1.092958e+00 -4.161812e-01 9.476827e-01 -4.085831e-01 -9.102699e-01 -1.005780e+00 3.732844e-01 8.018887e-01 3.335980e-01 5.160638e-01
<Variance> 25
 1.359551e+01 3.549378e+01 3.229520e+01 6.413873e+01 5.065364e+01 4.336942e+01 4.905403e+01 4.519851e+01 6.094762e+01 7.736561e+01 4.891293e+01 3.477163e+01 1.734391e+00 3.622389e+00 3.221695e+00 5.556929e+00 4.249205e+00 3.810140e+00 5.185112e+00 5.663226e+00 4.990811e+00 6.550482e+00 5.665258e+00 3.486845e+00 3.806216e+00
<GConst> 1.097522e+02
<State> 3
<Mean> 25
 9.339118e+00 5.021861e-01 -9.733095e+00 -9.046236e+00 -7.917368e-01 7.843205e+00 -6.658666e+00 -6.333342e+00 -5.346206e+00 5.764611e+00 3.860115e+00 -1.459696e+00 -6.051921e-01 -1.941800e+00 -4.792671e-02 1.500116e+00 8.496677e-01 -1.312350e+00 -1.747468e+00 2.238565e-01 2.508116e+00 1.542039e+00 -9.112653e-01 -1.807686e+00 1.069875e+00
<Variance> 25
 1.207222e+01 2.987004e+01 3.745908e+01 5.495512e+01 4.171616e+01 4.601982e+01 6.550497e+01 4.178406e+01 6.146018e+01 8.060230e+01 6.506579e+01 4.171927e+01 8.703282e-01 2.496248e+00 2.520195e+00 5.121929e+00 4.354351e+00 4.690864e+00 5.534264e+00 5.254739e+00 5.000058e+00 5.918447e+00 4.966348e+00 3.026179e+00 2.253917e+00
<GConst> 1.079842e+02
<State> 4
<Mean> 25
 7.119429e+00 -3.521561e+00 -6.538591e+00 -2.873748e+00 -3.689399e-01 1.748079e-01 -8.582461e+00 -9.774988e-01 1.966080e+00 4.425054e+00 -3.471210e+00 -4.707435e+00 -8.079082e-01 -7.067585e-01 1.626583e+00 1.618310e+00 -6.556174e-01 -2.023285e+00 7.574292e-01 1.567363e+00 1.015005e+00 -1.635943e+00 -1.125036e+00 2.558079e-01 1.736150e-03
<Variance> 25
 1.285944e+01 3.688858e+01 4.395900e+01 5.159357e+01 5.573734e+01 5.837058e+01 6.745654e+01 5.623898e+01 4.613074e+01 6.303536e+01 6.394500e+01 3.754409e+01 1.129107e+00 2.150185e+00 3.074069e+00 4.292444e+00 6.278540e+00 4.651591e+00 5.013300e+00 5.486581e+00 5.625963e+00 5.859383e+00 4.784082e+00 3.353020e+00 2.293463e+00
<GConst> 1.091791e+02
<TransP> 5
 0.000000e+00 1.000000e+00 0.000000e+00 0.000000e+00 0.000000e+00
 0.000000e+00 6.502533e-01 3.497467e-01 0.000000e+00 0.000000e+00
 0.000000e+00 0.000000e+00 4.932271e-01 5.067729e-01 0.000000e+00
 0.000000e+00 0.000000e+00 0.000000e+00 5.287759e-01 4.712242e-01
 0.000000e+00 0.000000e+00 0.000000e+00 0.000000e+00 0.000000e+00
<EndHMM>
~h "x"
<BeginHMM>
<NumStates> 5
<State> 2
<Mean> 25
 -5.537069e+00 8.233632e-02 -6.914654e+00 -9.859934e-01 1.073603e+01 4.481054e+00 -1.292830e+00 3.609335e+00 1.003001e+00 2.350983e+00 9.678608e-01 4.296743e-01 -2.155813e+00 -5.799797e-01 -9.196010e-01 1.119258e-01 9.824105e-01 -3.276772e-01 -3.843419e-01 7.936069e-01 2.738326e-01 3.614129e-01 2.884647e-01 3.099159e-01 -4.470358e-01
<Variance> 25
 2.799818e+01 3.578988e+01 8.375316e+01 6.564659e+01 6.414068e+01 5.896265e+01 4.955921e+01 5.048882e+01 5.070453e+01 4.801165e+01 3.902961e+01 3.425408e+01 3.693750e+00 3.106870e+00 4.258188e+00 4.120299e+00 5.270585e+00 4.720277e+00 4.902011e+00 5.185553e+00 4.527512e+00 4.803132e+00 4.149765e+00 3.050097e+00 1.727337e+00
<GConst> 1.104462e+02
<State> 3
<Mean> 25
 -1.109618e+01 -2.563231e+00 -3.230432e+00 1.354748e+00 7.300352e+00 9.227716e-01 1.671891e+00 4.846584e+00 2.184659e+00 1.144976e+00 1.477066e+00 1.462746e+00 -8.456139e-02 3.967360e-02 9.073944e-02 -8.365243e-02 -3.414012e-01 1.495234e-01 3.864340e-01 -1.993411e-01 -1.239308e-01 -7.209107e-02 -5.146359e-02 -5.536651e-02 -2.325354e-01
<Variance> 25
 2.471728e+01 4.325976e+01 5.554766e+01 4.865828e+01 5.904837e+01 4.484044e+01 3.993716e+01 4.619394e+01 4.094566e+01 3.462211e+01 4.282661e+01 2.786481e+01 1.766305e+00 1.546228e+00 1.950603e+00 1.715175e+00 2.292094e+00 2.178357e+00 2.466797e+00 2.730238e+00 2.628185e+00 2.539711e+00 2.295222e+00 1.797983e+00 1.101735e+00
<GConst> 9.970704e+01
<State> 4
<Mean> 25
 -3.444489e+00 3.266012e-01 -2.050238e+00 -3.832435e-01 3.082562e+00 9.083095e-01 2.026889e+00 8.718234e-01 -1.841460e-01 -4.280289e-01 -6.670755e-01 -4.855339e-02 3.481766e+00 4.717444e-01 1.286605e+00 -7.990491e-01 -3.092951e+00 -5.618730e-01 -3.555682e-01 -1.566140e+00 -1.121138e+00 -5.982890e-01 -4.914921e-01 -5.409331e-01 1.711820e+00
<Variance> 25
 5.230127e+01 4.587557e+01 8.649429e+01 4.923689e+01 8.238578e+01 5.912557e+01 4.100687e+01 4.873630e+01 4.313418e+01 3.765473e+01 3.699823e+01 2.595658e+01 2.308429e+00 4.689370e+00 5.174444e+00 4.654623e+00 4.587459e+00 4.005894e+00 5.396626e+00 5.450412e+00 4.799568e+00 4.983860e+00 5.291445e+00 2.989194e+00 2.206861e+00
<GConst> 1.110213e+02
<TransP> 5
 0.000000e+00 1.000000e+00 0.000000e+00 0.000000e+00 0.000000e+00
 0.000000e+00 6.685356e-01 3.314644e-01 0.000000e+00 0.000000e+00
 0.000000e+00 0.000000e+00 7.794572e-01 2.205428e-01 0.000000e+00
 0.000000e+00 0.000000e+00 0.000000e+00 6.735323e-01 3.264677e-01
 0.000000e+00 0.000000e+00 0.000000e+00 0.000000e+00 0.000000e+00
<EndHMM>
~h "y"
<BeginHMM>
<NumStates> 5
<State> 2
<Mean> 25
 1.951640e+00 -4.595788e-01 6.218159e+00 8.632369e+00 -5.088827e-01 -5.171905e+00 -2.934697e+00 -2.152506e+00 -1.295412e+00 -4.524563e+00 -4.270051e+00 -1.052732e+00 1.218432e+00 -7.334284e-02 3.006348e-01 6.340539e-01 -8.451599e-01 -1.860003e+00 -1.540184e+00 -6.564921e-01 -5.766423e-01 -1.346268e+00 -6.946761e-01 -1.429386e-01 3.933819e-01
<Variance> 25
 4.056509e+01 3.435703e+01 4.012893e+01 4.246052e+01 8.417377e+01 6.908939e+01 5.122456e+01 6.397308e+01 5.950673e+01 5.322911e+01 3.576234e+01 2.696746e+01 3.817189e+00 3.975109e+00 2.741064e+00 3.472662e+00 6.151835e+00 4.727698e+00 4.643273e+00 5.714447e+00 4.875008e+00 4.625182e+00 3.757092e+00 2.768913e+00 1.716336e+00
<GConst> 1.099419e+02
<State> 3
<Mean> 25
 5.692846e+00 -1.993580e+00 2.166948e+00 5.132962e+00 -3.309604e+00 -7.466817e+00 -7.099459e+00 -5.179862e+00 -2.402869e+00 -4.213158e+00 -3.193436e+00 -2.140027e+00 1.570926e+00 1.564292e-01 -1.501819e+00 -1.242799e+00 -6.346921e-01 3.876035e-01 -3.859935e-01 -1.259934e+00 -2.313301e-01 4.344908e-01 3.797116e-01 -3.682671e-01 2.606248e-01
<Variance> 25
 2.193490e+01 2.444838e+01 4.492533e+01 5.404765e+01 9.744420e+01 7.645521e+01 4.733015e+01 4.912130e+01 4.971863e+01 5.702254e+01 4.331305e+01 3.597435e+01 4.153810e+00 2.381582e+00 2.929173e+00 3.498213e+00 4.767905e+00 3.781021e+00 3.364866e+00 6.112566e+00 4.910408e+00 4.784149e+00 3.193438e+00 3.651491e+00 1.080282e+00
<GConst> 1.082195e+02
<State> 4
<Mean> 25
 -1.640527e-01 1.641526e+00 3.802022e+00 6.446445e+00 2.047107e+00 -1.665622e+00 -2.204067e+00 -4.166950e-02 -1.553808e+00 -1.795829e+00 -1.496798e+00 4.726442e-01 -1.335557e+00 -2.087609e-02 -6.673114e-01 -6.852543e-01 1.049726e+00 1.961065e+00 1.263816e+00 9.622459e-01 1.050199e+00 1.541100e+00 9.749570e-01 5.980961e-01 -1.403367e+00
<Variance> 25
 3.843657e+01 4.299760e+01 4.047273e+01 4.385919e+01 6.714108e+01 8.656898e+01 6.012748e+01 5.191691e+01 6.434977e+01 6.514832e+01 5.099582e+01 4.655311e+01 2.298656e+00 3.880029e+00 2.317551e+00 3.263558e+00 5.262028e+00 4.733824e+00 4.158659e+00 4.098173e+00 4.757455e+00 4.442245e+00 3.432949e+00 3.049555e+00 2.622156e+00
<GConst> 1.102916e+02
<TransP> 5
 0.000000e+00 1.000000e+00 0.000000e+00 0.000000e+00 0.000000e+00
 0.000000e+00 5.277894e-01 4.722106e-01 0.000000e+00 0.000000e+00
 0.000000e+00 0.000000e+00 8.001884e-01 1.998117e-01 0.000000e+00
 0.000000e+00 0.000000e+00 0.000000e+00 7.129257e-01 2.870743e-01
 0.000000e+00 0.000000e+00 0.000000e+00 0.000000e+00 0.000000e+00
<EndHMM>
~h "z"
<BeginHMM>
<NumStates> 5
<State> 2
<Mean> 25
 -3.313325e+00 6.109592e+00 2.457898e+00 2.091026e+00 3.560662e+00 5.727741e-01 -1.330554e+00 -1.237162e+00 -2.732283e-01 -1.420466e+00 -2.362258e+00 -1.807971e+00 -1.614238e+00 -9.681662e-01 -5.331513e-01 -3.103683e-02 7.526587e-01 1.652779e+00 1.401964e+00 1.470770e+00 1.401139e+00 9.848310e-01 9.660565e-01 6.693624e-01 -5.337377e-01
<Variance> 25
 4.738696e+01 4.229660e+01 4.539487e+01 3.827650e+01 4.890314e+01 6.805775e+01 4.635698e+01 6.407529e+01 3.744576e+01 3.598843e+01 3.606301e+01 3.068328e+01 2.835297e+00 3.505287e+00 2.612370e+00 2.887636e+00 3.701936e+00 3.304902e+00 3.550090e+00 3.261838e+00 3.229048e+00 2.322575e+00 2.564404e+00 2.101924e+00 1.177912e+00
<GConst> 1.044657e+02
<State> 3
<Mean> 25
 -5.917996e+00 -7.416995e-01 -2.667801e-01 4.667658e-01 1.437766e+00 6.386484e+00 3.675831e+00 4.600719e+00 4.458747e+00 3.050403e+00 2.291936e+00 2.107073e+00 -8.817124e-02 -2.042041e-01 -2.312262e-01 -1.134286e-02 -6.447486e-02 5.237302e-02 -3.801028e-03 8.491436e-02 2.040339e-01 1.813606e-01 2.152096e-01 1.959927e-01 -1.934010e-01
<Variance> 25
 2.981662e+01 5.288933e+01 5.195746e+01 4.522514e+01 4.438355e+01 5.575322e+01 2.686904e+01 2.871279e+01 2.346947e+01 2.073447e+01 1.868626e+01 1.718569e+01 5.517331e-01 7.832056e-01 7.667111e-01 1.006832e+00 9.981297e-01 1.283430e+00 1.200065e+00 1.080428e+00 1.288990e+00 1.181569e+00 1.139121e+00 1.157801e+00 4.024301e-01
<GConst> 8.669051e+01
<State> 4
<Mean> 25
 -3.896548e+00 1.296324e+00 -5.067180e-01 1.996649e+00 4.695318e+00 3.180927e+00 1.665498e+00 2.593979e+00 4.664518e+00 3.621560e+00 2.078107e+00 1.405551e+00 6.834156e-01 -3.876959e-01 -5.252771e-01 -3.099567e-02 -3.766107e-01 3.398733e-01 8.108614e-02 8.572049e-02 1.169067e-01 2.966665e-01 9.795671e-02 2.666374e-01 -1.250299e+00
<Variance> 25
 3.896911e+01 3.894725e+01 3.247478e+01 3.576980e+01 5.469349e+01 5.097422e+01 5.269665e+01 5.927822e+01 3.601304e+01 2.829824e+01 3.335078e+01 3.646404e+01 4.040761e+00 2.697881e+00 2.775999e+00 2.978686e+00 3.573934e+00 3.974300e+00 4.176497e+00 4.663820e+00 2.578225e+00 2.798953e+00 3.188606e+00 2.846906e+00 2.297011e+00
<GConst> 1.054774e+02
<TransP> 5
 0.000000e+00 1.000000e+00 0.000000e+00 0.000000e+00 0.000000e+00
 0.000000e+00 6.383549e-01 3.616451e-01 0.000000e+00 0.000000e+00
 0.000000e+00 0.000000e+00 9.217399e-01 7.826008e-02 0.000000e+00
 0.000000e+00 0.000000e+00 0.000000e+00 4.262938e-01 5.737062e-01
 0.000000e+00 0.000000e+00 0.000000e+00 0.000000e+00 0.000000e+00
<EndHMM>
~h "Z"
<BeginHMM>
<NumStates> 5
<State> 2
<Mean> 25
 -3.311460e+00 -1.099293e+00 1.079749e+01 3.467919e+00 -8.503087e-02 -4.431777e+00 -5.867280e-01 -5.373602e+00 -1.544907e+00 -2.192575e+00 -3.859808e+00 -1.969327e+00 -3.379370e+00 -2.245713e-01 2.060789e+00 2.766696e-01 1.609931e+00 8.921481e-01 1.715808e+00 6.389884e-01 7.523973e-01 5.000843e-01 2.638876e-01 2.521823e-01 4.546438e-01
<Variance> 25
 5.616452e+01 2.643391e+01 5.267411e+01 4.591051e+01 6.242706e+01 6.260012e+01 5.402127e+01 5.427446e+01 4.806961e+01 4.516098e+01 3.428154e+01 3.050410e+01 3.276618e+00 3.389901e+00 4.582874e+00 2.993106e+00 4.131693e+00 5.131061e+00 4.226327e+00 4.441295e+00 4.078016e+00 3.654878e+00 3.037168e+00 2.760243e+00 1.163324e+00
<GConst> 1.079220e+02
<State> 3
<Mean> 25
 -1.118510e+01 -2.813540e+00 1.052049e+01 3.545733e+00 3.680859e+00 -2.630717e-01 4.142346e+00 -1.077793e+00 1.884745e+00 5.114698e-01 -8.088213e-01 8.608598e-02 -2.096756e-01 -2.133814e-01 -2.699144e-01 -1.484130e-01 5.465421e-03 4.417161e-02 5.788207e-02 1.710101e-01 2.523277e-01 1.393667e-01 1.529430e-01 1.185789e-01 3.848233e-02
<Variance> 25
 4.538172e+01 4.793107e+01 7.153896e+01 4.465758e+01 5.245442e+01 5.577389e+01 5.050533e+01 5.433622e+01 5.136872e+01 4.853196e+01 3.564577e+01 2.974783e+01 2.257534e+00 1.095279e+00 1.464220e+00 1.572572e+00 1.774160e+00 2.018789e+00 2.106433e+00 2.127834e+00 2.162820e+00 2.007370e+00 1.834422e+00 1.558193e+00 5.016645e-01
<GConst> 9.873113e+01
<State> 4
<Mean> 25
 -4.967287e+00 -2.071177e+00 9.351566e+00 2.882971e+00 1.366746e+00 -2.993172e+00 4.240661e-01 -3.614837e+00 6.742588e-01 -2.966679e-01 -2.260050e+00 -9.507458e-01 3.423942e+00 5.073706e-01 -1.915155e+00 -2.830911e-01 -1.281105e+00 -8.304328e-01 -1.767841e+00 -6.339434e-01 -7.010954e-01 -3.070984e-01 -6.963533e-02 -1.670415e-01 -3.509865e-01
<Variance> 25
 6.388024e+01 3.355913e+01 5.495076e+01 4.179379e+01 5.683742e+01 5.808073e+01 5.566450e+01 5.761438e+01 5.028445e+01 5.078418e+01 3.671138e+01 3.119676e+01 4.964920e+00 3.736215e+00 4.585218e+00 3.453763e+00 4.709952e+00 5.214253e+00 4.612937e+00 4.729348e+00 4.465019e+00 3.853851e+00 3.208578e+00 2.755272e+00 1.995005e+00
<GConst> 1.101021e+02
<TransP> 5
 0.000000e+00 1.000000e+00 0.000000e+00 0.000000e+00 0.000000e+00
 0.000000e+00 6.737024e-01 3.262976e-01 0.000000e+00 0.000000e+00
 0.000000e+00 0.000000e+00 6.842018e-01 3.157982e-01 0.000000e+00
 0.000000e+00 0.000000e+00 0.000000e+00 6.193800e-01 3.806200e-01
 0.000000e+00 0.000000e+00 0.000000e+00 0.000000e+00 0.000000e+00
<EndHMM>
~h "@@"
<BeginHMM>
<NumStates> 5
<State> 2
<Mean> 25
 1.308898e-01 4.407695e+00 6.164397e+00 6.873693e+00 7.475672e+00 4.561427e+00 4.186729e+00 4.201140e+00 1.741775e+00 1.273039e+00 9.617083e-01 1.557271e+00 -1.619423e-02 1.043634e-02 -3.279839e-02 5.478944e-03 1.722939e-02 1.546016e-02 3.575483e-02 6.282187e-02 6.958365e-02 7.696594e-02 6.463683e-02 4.477917e-02 -2.016013e-01
<Variance> 25
 2.126154e+01 2.176566e+01 2.308778e+01 1.991090e+01 3.025919e+01 2.574180e+01 2.606204e+01 2.808623e+01 2.837764e+01 3.427613e+01 2.385568e+01 2.036270e+01 5.060064e-01 6.810029e-01 8.187946e-01 1.032827e+00 1.389741e+00 1.594536e+00 1.682364e+00 1.682619e+00 1.729305e+00 1.762614e+00 1.596402e+00 1.414849e+00 1.123005e+00
<GConst> 8.718272e+01
<State> 3
<Mean> 25
 1.086255e+00 -3.444057e+00 -3.643520e+00 -3.258229e-01 -8.367449e-01 -3.860886e+00 -1.409535e+00 -1.715146e+00 1.360691e+00 -8.020979e-01 -2.063041e+00 -1.300302e+00 2.222299e-04 -5.159181e-02 -3.214992e-02 -2.652035e-02 -1.614371e-02 -2.575523e-04 1.191752e-03 1.708912e-02 4.146176e-02 6.320528e-04 -1.589914e-02 -7.865106e-03 -2.520481e-02
<Variance> 25
 4.315716e+01 4.429416e+01 5.611147e+01 6.371170e+01 9.073957e+01 9.802730e+01 7.625025e+01 8.956502e+01 7.786357e+01 7.703717e+01 6.634733e+01 5.945661e+01 2.931134e+00 3.264597e+00 3.671888e+00 4.657755e+00 7.194716e+00 7.198976e+00 5.487810e+00 6.689366e+00 5.825801e+00 5.753626e+00 5.224271e+00 4.362719e+00 6.939074e+00
<GConst> 1.178098e+02
<State> 4
<Mean> 25
 -3.438959e+00 -4.581628e+00 -2.404894e+00 2.605282e+00 5.370144e+00 2.135802e+00 2.705307e+00 5.378086e+00 6.070327e+00 3.298659e+00 9.674025e-01 2.855415e+00 -8.214511e-02 1.378426e-02 -5.454756e-02 -6.563910e-02 -6.723020e-02 -2.995613e-02 8.164489e-03 -2.072649e-02 -2.503311e-02 7.587002e-02 8.176615e-02 6.651142e-02 -2.831582e-01
<Variance> 25
 2.533042e+01 3.098257e+01 3.000614e+01 3.095626e+01 4.019671e+01 4.613441e+01 3.844774e+01 4.234581e+01 4.203744e+01 4.513235e+01 3.812264e+01 3.876007e+01 7.933050e-01 1.215401e+00 1.219859e+00 1.472366e+00 1.921122e+00 2.026465e+00 2.090768e+00 2.203301e+00 2.328192e+00 2.387842e+00 2.301816e+00 2.050672e+00 1.685724e+00
<GConst> 9.643859e+01
<TransP> 5
 0.000000e+00 1.000000e+00 0.000000e+00 0.000000e+00 0.000000e+00
 0.000000e+00 9.357172e-01 6.428280e-02 0.000000e+00 0.000000e+00
 0.000000e+00 0.000000e+00 9.691849e-01 3.081512e-02 0.000000e+00
 0.000000e+00 0.000000e+00 0.000000e+00 9.494476e-01 5.055247e-02
 0.000000e+00 0.000000e+00 0.000000e+00 0.000000e+00 0.000000e+00
<EndHMM>
~h "gb"
<BeginHMM>
<NumStates> 5
<State> 2
<Mean> 25
 -9.459826e-01 -2.106107e+00 -7.696422e-01 2.213093e+00 1.987303e+00 -8.873173e-02 2.135792e+00 1.548524e+00 1.299557e+00 1.166787e+00 1.021243e-01 9.193838e-01 -5.193358e-01 -6.657350e-01 -1.750853e-01 -9.066363e-03 1.038784e-01 2.546829e-01 2.749587e-01 2.303661e-01 3.651421e-01 1.876438e-01 1.655007e-01 3.517828e-01 4.557650e-01
<Variance> 25
 3.683869e+01 4.732921e+01 4.608090e+01 3.961518e+01 7.411605e+01 8.970763e+01 6.080256e+01 6.337820e+01 6.381385e+01 4.714000e+01 4.415673e+01 4.602086e+01 2.880463e+00 3.915057e+00 3.138692e+00 3.178994e+00 4.835471e+00 5.671469e+00 4.677477e+00 5.139376e+00 4.803153e+00 4.146191e+00 4.531175e+00 4.155718e+00 7.061515e+00
<GConst> 1.127009e+02
<State> 3
<Mean> 25
 -2.464801e+00 -3.789495e+00 -1.123502e+00 1.528411e+00 1.925994e+00 3.731516e-01 1.748940e+00 1.509659e+00 1.985242e+00 1.205879e+00 3.370457e-01 1.226982e+00 -4.049289e-01 -1.055849e-01 -2.593974e-02 -5.276787e-02 1.911342e-01 1.422939e-01 9.218860e-02 1.644569e-01 7.976720e-02 4.982996e-02 1.098620e-02 1.124151e-01 3.104505e-01
<Variance> 25
 4.376356e+01 5.222719e+01 4.347382e+01 3.853011e+01 6.358541e+01 6.689674e+01 5.291703e+01 5.676299e+01 5.887506e+01 4.266932e+01 4.302206e+01 4.406214e+01 2.176663e+00 2.726155e+00 2.194990e+00 2.303250e+00 3.560832e+00 3.793385e+00 3.282552e+00 3.493123e+00 3.664741e+00 3.146888e+00 3.219932e+00 2.644401e+00 4.799553e+00
<GConst> 1.074436e+02
<State> 4
<Mean> 25
 -5.169115e+00 -4.176164e+00 -1.051341e+00 1.139671e+00 3.286607e+00 8.617896e-01 2.502373e+00 3.017374e+00 2.802717e+00 2.041929e+00 6.029345e-01 2.821883e+00 5.971261e-02 1.620302e-01 6.550153e-02 2.966500e-02 1.913444e-02 7.564932e-03 2.178465e-03 9.194738e-04 -5.095679e-02 -1.960613e-02 2.415370e-02 -4.418403e-03 -2.048868e-01
<Variance> 25
 3.935088e+01 4.262901e+01 3.481022e+01 3.717387e+01 4.692780e+01 4.760869e+01 4.601715e+01 4.568017e+01 4.258675e+01 3.868652e+01 3.419016e+01 3.395502e+01 1.246170e+00 1.416421e+00 1.295684e+00 1.395072e+00 2.060024e+00 2.253119e+00 2.232484e+00 2.329475e+00 2.312136e+00 2.242325e+00 2.122434e+00 1.861947e+00 2.161083e+00
<GConst> 9.849828e+01
<TransP> 5
 0.000000e+00 1.000000e+00 0.000000e+00 0.000000e+00 0.000000e+00
 0.000000e+00 8.919984e-01 1.080016e-01 0.000000e+00 0.000000e+00
 0.000000e+00 0.000000e+00 8.379647e-01 1.620353e-01 0.000000e+00
 0.000000e+00 0.000000e+00 0.000000e+00 9.558552e-01 4.414478e-02
 0.000000e+00 0.000000e+00 0.000000e+00 0.000000e+00 0.000000e+00
<EndHMM>
~h "dummy"
<BeginHMM>
<NumStates> 5
<State> 2
<Mean> 25
 -1.632040e+00 2.543899e+00 -2.982864e-01 8.979394e-01 5.735042e+00 9.484516e+00 5.541725e+00 2.022413e+00 9.319219e+00 1.324710e+00 -4.525824e-02 2.206978e+00 -1.941648e-04 1.523142e-03 2.843659e-04 -4.552801e-03 -1.029005e-04 -1.442783e-03 -1.573886e-03 -2.276876e-03 2.386637e-03 4.560287e-03 -1.709112e-03 1.819966e-03 8.414249e-04
<Variance> 25
 1.590757e+01 3.586568e+01 3.836834e+01 4.172993e+01 4.242700e+01 8.309127e+01 6.349709e+01 5.138315e+01 1.095305e+02 8.417519e+01 3.427214e+01 5.203077e+01 6.251435e-01 1.300340e+00 1.148355e+00 1.217645e+00 1.319993e+00 1.794834e+00 1.760712e+00 1.771608e+00 2.213235e+00 1.999868e+00 1.640571e+00 1.735691e+00 6.369676e-01
<GConst> 9.675645e+01
<State> 3
<Mean> 25
 9.663484e-01 6.920059e-01 1.338215e+00 -1.419320e-01 1.722771e+00 1.122261e+00 -5.561134e-01 2.711675e+00 9.872556e-02 1.176686e+00 1.160865e+00 -1.936149e+00 3.532332e-03 6.287390e-03 2.819489e-03 3.370387e-03 -2.413518e-03 -6.125278e-03 -7.854631e-04 -5.924367e-03 -5.998499e-03 1.921583e-04 -5.218539e-03 -1.210521e-02 4.761633e-03
<Variance> 25
 4.290941e+01 3.236289e+01 4.463516e+01 6.231589e+01 4.538432e+01 4.429181e+01 8.008060e+01 5.039339e+01 4.905548e+01 4.525363e+01 3.679045e+01 3.420335e+01 2.140306e+00 2.475278e+00 2.632667e+00 3.176277e+00 2.993893e+00 2.875587e+00 5.116282e+00 3.385231e+00 3.501131e+00 2.873900e+00 2.501362e+00 2.154613e+00 1.617411e+00
<GConst> 1.051351e+02
<State> 4
<Mean> 25
 2.067920e+00 -1.023639e+00 -1.106219e+00 -3.269161e+00 -3.076646e+00 -2.284666e+00 -2.208829e+00 -2.158983e+00 -3.877769e+00 -3.156595e+00 -4.240056e+00 -2.120616e+00 4.621774e-03 -6.751881e-03 -2.565212e-03 -3.052332e-03 -8.224863e-03 2.364795e-03 -1.788983e-03 9.654451e-04 -3.829692e-03 1.839985e-03 -3.207877e-04 -2.630290e-04 -1.642385e-03
<Variance> 25
 6.475861e+01 4.388636e+01 6.191281e+01 6.305311e+01 7.696586e+01 6.857639e+01 6.610506e+01 7.913662e+01 6.642896e+01 6.084548e+01 5.826720e+01 4.661823e+01 3.599305e+00 3.115398e+00 3.096882e+00 3.960273e+00 4.986140e+00 4.680219e+00 4.701312e+00 5.201672e+00 4.549770e+00 3.764607e+00 3.729394e+00 3.165325e+00 3.808019e+00
<GConst> 1.134311e+02
<TransP> 5
 0.000000e+00 1.000000e+00 0.000000e+00 0.000000e+00 0.000000e+00
 0.000000e+00 4.568559e-01 5.431441e-01 0.000000e+00 0.000000e+00
 0.000000e+00 0.000000e+00 8.214161e-01 1.785840e-01 0.000000e+00
 0.000000e+00 0.000000e+00 0.000000e+00 9.696085e-01 3.039152e-02
 0.000000e+00 0.000000e+00 0.000000e+00 0.000000e+00 0.000000e+00
<EndHMM>
~h "sil"
<BeginHMM>
<NumStates> 5
<State> 2
<Mean> 25
 1.504883e-07 8.684067e-07 -2.029801e-06 -3.139016e-06 -5.670948e-07 -6.033954e-07 5.429757e-07 -5.473381e-07 6.584421e-06 2.732687e-06 -1.515216e-07 -6.538031e-07 -2.999474e-05 -4.940327e-06 5.390071e-06 -1.895446e-05 -4.208750e-05 -2.282066e-05 3.369918e-06 1.472514e-05 2.950837e-05 2.761025e-05 -9.481408e-07 -1.413694e-05 4.564168e-05
<Variance> 25
 6.019656e+01 5.047176e+01 6.810436e+01 6.236525e+01 5.773350e+01 6.114660e+01 5.931448e+01 6.553735e+01 5.694159e+01 4.483168e+01 3.951823e+01 3.768837e+01 2.896648e+00 2.771119e+00 3.189880e+00 3.223238e+00 3.661744e+00 3.370527e+00 3.790496e+00 3.822854e+00 3.420407e+00 2.904406e+00 2.665571e+00 2.435954e+00 2.535377e+00
<GConst> 1.086024e+02
<State> 3
<Mean> 25
 -3.266443e+00 1.679681e+00 -1.623697e+00 4.286252e+00 4.605199e+00 3.942418e+00 3.687757e+00 2.974720e+00 2.077985e+00 2.101089e+00 1.930752e+00 2.814545e+00 -1.784125e-02 -6.431720e-03 -1.845357e-02 8.491541e-03 3.092194e-03 3.548651e-02 2.183517e-02 -4.438875e-03 1.676062e-03 1.967400e-02 1.962957e-02 1.107553e-02 -7.516588e-02
<Variance> 25
 1.575933e+01 1.862290e+01 1.742502e+01 2.052912e+01 2.025383e+01 2.590421e+01 2.038462e+01 2.144946e+01 1.988949e+01 2.053357e+01 1.800145e+01 1.577169e+01 1.887691e-01 3.219585e-01 4.668055e-01 6.391041e-01 8.360726e-01 1.014845e+00 1.146135e+00 1.244231e+00 1.283525e+00 1.289765e+00 1.220430e+00 1.099425e+00 1.110674e-01
<GConst> 7.629361e+01
<State> 4
<Mean> 25
 1.504883e-07 8.684067e-07 -2.029801e-06 -3.139016e-06 -5.670948e-07 -6.033954e-07 5.429757e-07 -5.473381e-07 6.584421e-06 2.732687e-06 -1.515216e-07 -6.538031e-07 -2.999474e-05 -4.940327e-06 5.390071e-06 -1.895446e-05 -4.208750e-05 -2.282066e-05 3.369918e-06 1.472514e-05 2.950837e-05 2.761025e-05 -9.481408e-07 -1.413694e-05 4.564168e-05
<Variance> 25
 6.019656e+01 5.047176e+01 6.810436e+01 6.236525e+01 5.773350e+01 6.114660e+01 5.931448e+01 6.553735e+01 5.694159e+01 4.483168e+01 3.951823e+01 3.768837e+01 2.896648e+00 2.771119e+00 3.189880e+00 3.223238e+00 3.661744e+00 3.370527e+00 3.790496e+00 3.822854e+00 3.420407e+00 2.904406e+00 2.665571e+00 2.435954e+00 2.535377e+00
<GConst> 1.086024e+02
<TransP> 5
 0.000000e+00 1.000000e+00 0.000000e+00 0.000000e+00 0.000000e+00
 0.000000e+00 8.500000e-01 1.000000e-01 5.000000e-02 0.000000e+00
 0.000000e+00 0.000000e+00 8.500000e-01 1.500000e-01 0.000000e+00
 0.000000e+00 0.000000e+00 0.000000e+00 8.000000e-01 2.000000e-01
 0.000000e+00 0.000000e+00 0.000000e+00 0.000000e+00 0.000000e+00
<EndHMM>
