~o <StreamInfo> 1 25
<VecSize> 25
<nulld>
<mfcc_D_N_Z_0>
<diagc>
~s "silst"
<Mean> 25
 -6.854422e+00 -1.295043e+00 -5.746236e-01 3.448121e+00 7.468487e+00 3.709060e+00 6.893060e+00 6.439083e+00 4.380311e+00 2.987366e+00 4.465086e+00 3.793630e+00 -4.562237e-02 -4.570810e-02 -2.141951e-02 -8.913623e-03 -2.164018e-02 9.808176e-02 5.255425e-02 1.176016e-02 4.250155e-02 4.353917e-02 3.292083e-02 3.540855e-02 -6.526440e-02
<Variance> 25
 1.947923e+01 4.893142e+01 2.076686e+01 2.389474e+01 3.145508e+01 2.820443e+01 2.774979e+01 2.538039e+01 3.422639e+01 2.645761e+01 2.969092e+01 2.129289e+01 2.977024e-01 4.737682e-01 5.954928e-01 7.862611e-01 1.037077e+00 1.229876e+00 1.377661e+00 1.513571e+00 1.605950e+00 1.583567e+00 1.484045e+00 1.341277e+00 2.582552e-01
<GConst> 8.414536e+01
~h "S"
<BeginHMM>
<NumStates> 5
<State> 2
<Mean> 25
 -1.574421e+00 2.305347e+00 2.007980e-01 -1.341428e-01 -1.824084e+00 -2.946046e+00 -1.188307e-01 -1.384278e+00 6.164055e-03 -2.640670e+00 -4.814877e-01 -1.064643e+00 4.252271e+00 -1.126843e+00 -7.066773e-01 -9.711473e-01 -1.238317e+00 -4.810323e-01 -1.639772e+00 -1.073563e+00 -1.381920e-01 6.389202e-02 -1.277283e+00 -7.940642e-01 9.805714e-01
<Variance> 25
 5.153216e+01 2.843117e+01 5.085375e+01 3.120416e+01 5.355501e+01 3.883899e+01 5.704478e+01 5.473341e+01 4.344758e+01 3.903810e+01 3.498212e+01 2.161399e+01 6.847929e+00 4.080202e+00 4.186347e+00 4.021410e+00 4.011311e+00 3.819256e+00 3.817174e+00 4.453370e+00 4.479389e+00 4.944262e+00 5.780139e+00 2.656833e+00 1.544268e+00
<GConst> 1.083366e+02
<State> 3
<Mean> 25
 1.426713e+00 6.821896e-02 -1.779879e+00 -2.109309e+00 -2.699060e+00 -2.821673e+00 -1.825919e+00 -1.845929e+00 1.209098e-01 -2.307710e+00 -1.320092e+00 -1.882410e+00 2.303122e+00 -1.445853e+00 -1.189199e+00 -1.133477e+00 -5.080586e-01 1.688228e-01 -9.448199e-01 -3.861038e-01 2.873783e-01 5.890082e-01 -5.053542e-01 -4.228766e-01 6.946853e-01
<Variance> 25
 3.466244e+01 3.079778e+01 6.223309e+01 3.892059e+01 5.000360e+01 4.121319e+01 6.316284e+01 6.176945e+01 5.283755e+01 5.401306e+01 3.887106e+01 2.782526e+01 5.386011e+00 3.726177e+00 3.763014e+00 3.596318e+00 3.982375e+00 3.267505e+00 3.665193e+00 4.043624e+00 3.601671e+00 4.247779e+00 4.179016e+00 2.341982e+00 1.277478e+00
<GConst> 1.076751e+02
<State> 4
<Mean> 25
 5.830123e-01 5.301314e-03 -1.006340e+00 -1.124659e+00 -5.563709e-01 -1.281303e+00 -1.179745e+00 -1.016492e+00 8.591054e-01 -3.905197e-01 -3.000843e-01 -6.698259e-01 4.448323e-01 -3.553964e-01 -3.157533e-01 -2.303209e-01 7.169615e-02 1.348226e-01 -1.241477e-01 -1.259329e-02 1.405154e-01 1.777177e-01 -3.039818e-03 -1.141778e-01 4.232886e-02
<Variance> 25
 8.098129e+01 4.024645e+01 7.894530e+01 4.597771e+01 6.420264e+01 5.107089e+01 6.112409e+01 6.232559e+01 5.674479e+01 4.556429e+01 4.335482e+01 3.235280e+01 5.698310e+00 3.624122e+00 4.446085e+00 3.868410e+00 5.124867e+00 3.624559e+00 4.459153e+00 4.755335e+00 4.372173e+00 3.900441e+00 3.650721e+00 2.843328e+00 3.276433e+00
<GConst> 1.118891e+02
<TransP> 5
 0.000000e+00 1.000000e+00 0.000000e+00 0.000000e+00 0.000000e+00
 0.000000e+00 4.910936e-02 9.508907e-01 0.000000e+00 0.000000e+00
 0.000000e+00 0.000000e+00 9.743863e-02 9.025614e-01 0.000000e+00
 0.000000e+00 0.000000e+00 0.000000e+00 6.751147e-01 3.248853e-01
 0.000000e+00 0.000000e+00 0.000000e+00 0.000000e+00 0.000000e+00
<EndHMM>
~h "a"
<BeginHMM>
<NumStates> 5
<State> 2
<Mean> 25
 4.111539e+00 -1.047707e+01 -8.842284e+00 -2.295911e+00 4.617796e-01 1.038797e+00 2.856213e+00 2.795110e+00 2.507354e+00 -4.533408e+00 -5.469285e+00 -2.701290e+00 -9.120613e-03 -5.041133e-01 -5.225608e-01 2.087991e-01 3.683913e-01 2.430672e-01 2.457829e-01 -5.748052e-02 6.683473e-02 -5.851966e-01 -2.453582e-01 -8.707507e-02 2.131837e-01
<Variance> 25
 9.887768e+00 2.220538e+01 3.120988e+01 3.977622e+01 5.351989e+01 4.769567e+01 4.553519e+01 4.372714e+01 5.419886e+01 5.151209e+01 3.924964e+01 4.251681e+01 6.882468e-01 1.719460e+00 2.063843e+00 2.023688e+00 3.266837e+00 2.735951e+00 2.747301e+00 2.798308e+00 2.462033e+00 2.844437e+00 2.285705e+00 2.245569e+00 8.832304e-01
<GConst> 9.854388e+01
<State> 3
<Mean> 25
 5.081123e+00 -8.747212e+00 -7.641867e+00 -1.883102e+00 -1.027320e+00 2.185956e-01 1.456379e+00 3.181428e+00 3.126665e+00 -3.641907e+00 -4.903656e+00 -3.228681e+00 4.009429e-01 1.616937e+00 1.335758e+00 5.161436e-01 -8.199058e-02 -7.891734e-01 -7.224170e-01 -3.913239e-01 -1.171348e-01 7.769870e-01 5.016574e-01 1.924615e-01 -1.715585e+00
<Variance> 25
 1.042190e+01 2.166681e+01 3.472059e+01 4.060193e+01 5.118732e+01 5.241606e+01 4.995445e+01 4.233823e+01 5.633541e+01 5.962177e+01 4.300967e+01 4.069953e+01 8.975750e-01 1.637900e+00 2.198605e+00 2.493147e+00 3.642013e+00 3.687356e+00 3.558390e+00 3.775982e+00 3.555070e+00 3.101851e+00 2.835631e+00 2.686093e+00 1.435171e+00
<GConst> 1.018304e+02
<State> 4
<Mean> 25
 5.530944e+00 -3.350356e+00 -3.513698e+00 3.035454e-01 1.195357e+00 -1.323574e+00 4.915649e-01 1.419365e+00 2.521060e+00 -1.247399e+00 -3.183107e+00 -2.229370e+00 -5.350005e-01 1.556426e+00 1.343191e+00 6.793575e-01 8.203069e-01 -1.114886e-01 -8.384316e-02 -4.799945e-01 -5.156580e-01 1.590249e-01 3.859059e-01 4.713303e-01 -2.169761e+00
<Variance> 25
 1.599157e+01 2.537381e+01 3.639426e+01 3.756121e+01 4.847505e+01 5.219690e+01 4.974852e+01 5.052096e+01 4.494581e+01 5.683635e+01 4.184372e+01 3.477634e+01 2.693073e+00 3.447909e+00 2.692719e+00 3.126740e+00 3.689117e+00 3.566641e+00 4.065459e+00 4.882091e+00 4.232725e+00 3.405652e+00 3.431939e+00 2.781352e+00 3.211593e+00
<GConst> 1.059823e+02
<TransP> 5
 0.000000e+00 1.000000e+00 0.000000e+00 0.000000e+00 0.000000e+00
 0.000000e+00 6.781036e-01 3.218964e-01 0.000000e+00 0.000000e+00
 0.000000e+00 0.000000e+00 5.117540e-01 4.882460e-01 0.000000e+00
 0.000000e+00 0.000000e+00 0.000000e+00 5.143143e-01 4.856857e-01
 0.000000e+00 0.000000e+00 0.000000e+00 0.000000e+00 0.000000e+00
<EndHMM>
~h "b"
<BeginHMM>
<NumStates> 5
<State> 2
<Mean> 25
 7.689641e+00 1.722319e+00 -1.363973e-01 -2.640598e-03 1.678266e+00 2.869771e+00 -1.298111e+00 -4.996102e+00 -2.954863e+00 3.125000e-01 -1.008293e-02 -1.815345e+00 -2.580004e-02 -6.294201e-02 -1.338359e-01 4.148544e-03 -4.275399e-02 3.080156e-02 -1.225948e-01 9.896912e-02 1.780342e-02 -1.880499e-02 6.501876e-02 6.966897e-02 -2.170379e-02
<Variance> 25
 2.669629e+01 3.500413e+01 6.544556e+01 5.836623e+01 4.378687e+01 5.100664e+01 5.050633e+01 5.286436e+01 5.417112e+01 4.704702e+01 4.768966e+01 3.196577e+01 2.287363e+00 2.477423e+00 4.425571e+00 4.495457e+00 4.280878e+00 4.014510e+00 4.240598e+00 5.112564e+00 4.822075e+00 3.552158e+00 3.570213e+00 2.833451e+00 4.384492e+00
<GConst> 1.090872e+02
<State> 3
<Mean> 25
 6.783481e+00 -6.919170e-01 -2.436771e+00 -4.722689e-01 1.088688e+00 1.345789e+00 -3.280230e+00 -2.655539e+00 -6.842342e-01 1.523287e+00 3.846619e-01 -1.972179e+00 -4.770889e-01 -1.733645e+00 -6.815286e-01 -7.414880e-01 -1.785028e+00 -5.190210e-01 -7.622072e-01 1.238367e+00 5.579967e-01 1.316921e-01 -1.967893e-01 -1.291948e-01 2.815468e+00
<Variance> 25
 3.115907e+01 3.590513e+01 5.954268e+01 6.169405e+01 4.102158e+01 5.713250e+01 5.119719e+01 3.856527e+01 4.461511e+01 4.609966e+01 4.506576e+01 2.990891e+01 3.011061e+00 3.937660e+00 8.036702e+00 6.642163e+00 6.199451e+00 5.978019e+00 5.843546e+00 5.797891e+00 7.135814e+00 5.631546e+00 5.305307e+00 4.207616e+00 4.296083e+00
<GConst> 1.132010e+02
<State> 4
<Mean> 25
 6.349779e+00 -4.083282e+00 -7.505645e-01 -5.210206e-01 -4.231804e+00 -1.306616e+00 -4.075048e+00 4.771600e-01 -9.437981e-01 6.994043e-01 -9.993488e-01 -1.721681e+00 -8.605151e-01 -7.742579e-01 7.702355e-01 -6.897376e-01 -2.054895e+00 -1.117162e-01 3.415564e-01 7.244406e-01 -3.905865e-01 -4.268828e-01 -3.019305e-01 2.349955e-01 1.707969e+00
<Variance> 25
 1.897286e+01 3.707467e+01 9.368465e+01 6.989852e+01 5.879674e+01 6.961926e+01 5.448338e+01 4.685399e+01 6.328527e+01 5.327814e+01 4.753565e+01 3.493789e+01 1.996098e+00 2.722398e+00 6.186840e+00 5.111393e+00 7.004079e+00 4.648487e+00 5.084657e+00 5.349384e+00 5.433978e+00 5.699137e+00 4.589434e+00 3.559385e+00 2.442886e+00
<GConst> 1.120425e+02
<TransP> 5
 0.000000e+00 1.000000e+00 0.000000e+00 0.000000e+00 0.000000e+00
 0.000000e+00 5.906903e-01 4.093097e-01 0.000000e+00 0.000000e+00
 0.000000e+00 0.000000e+00 3.432766e-01 6.567234e-01 0.000000e+00
 0.000000e+00 0.000000e+00 0.000000e+00 2.270576e-01 7.729424e-01
 0.000000e+00 0.000000e+00 0.000000e+00 0.000000e+00 0.000000e+00
<EndHMM>
~h "d"
<BeginHMM>
<NumStates> 5
<State> 2
<Mean> 25
 3.503378e-01 4.741669e+00 2.296878e+00 3.682803e+00 9.996696e-01 -1.806082e+00 -1.326482e-01 -1.948185e+00 -1.055390e+00 -1.327674e+00 -2.042485e+00 -2.101786e-01 -2.060731e-01 -1.947322e-01 9.164243e-02 -5.260447e-03 -3.364746e-01 -2.071609e-01 -6.546648e-02 2.123988e-01 -4.619543e-02 -6.636056e-02 2.844021e-01 1.652479e-01 4.394555e-01
<Variance> 25
 8.053693e+01 3.738235e+01 5.364021e+01 3.685946e+01 5.709581e+01 4.258144e+01 4.400225e+01 5.662304e+01 5.048286e+01 3.796191e+01 4.271218e+01 2.881879e+01 5.470755e+00 3.153220e+00 3.341098e+00 2.758765e+00 4.757528e+00 3.365588e+00 3.470017e+00 4.812994e+00 4.094734e+00 3.092472e+00 3.658207e+00 2.631005e+00 4.898389e+00
<GConst> 1.088864e+02
<State> 3
<Mean> 25
 1.630185e+00 1.798886e+00 1.010679e+00 3.357164e+00 -1.987211e+00 -4.276811e+00 -2.079278e+00 -1.238354e+00 1.948786e-01 -1.282629e+00 -2.060554e-02 3.847162e-01 1.823255e-01 -1.556344e+00 -2.176885e-01 -1.497371e+00 -2.710529e+00 -8.122427e-01 -5.046796e-01 3.979909e-01 7.622181e-02 6.412939e-01 7.204027e-01 5.744614e-01 2.932840e+00
<Variance> 25
 1.805858e+01 2.156355e+01 3.989889e+01 3.182616e+01 5.345293e+01 4.057421e+01 3.907601e+01 3.452749e+01 3.998484e+01 3.339524e+01 3.581211e+01 2.478435e+01 3.358165e+00 2.873894e+00 4.659521e+00 3.334528e+00 5.550995e+00 4.191075e+00 5.103636e+00 5.679774e+00 5.319023e+00 5.687008e+00 4.756114e+00 3.075163e+00 3.933275e+00
<GConst> 1.069186e+02
<State> 4
<Mean> 25
 3.201563e+00 -1.033349e+00 2.456986e-01 -5.437850e-01 -7.517006e+00 -4.931391e+00 -2.998309e+00 -1.906266e-01 9.876611e-01 8.818426e-01 -5.898459e-01 4.495673e-01 2.699716e-01 -1.065106e+00 -3.082985e-01 -1.661436e+00 -1.545617e+00 4.073411e-01 -4.073790e-02 3.517898e-01 1.779870e-01 7.647919e-01 -9.440438e-02 -3.226796e-01 1.484586e+00
<Variance> 25
 1.218942e+01 2.359895e+01 5.672543e+01 3.837572e+01 6.018944e+01 4.761779e+01 5.047384e+01 5.060333e+01 5.569476e+01 4.826867e+01 4.183371e+01 2.754338e+01 1.443849e+00 1.846686e+00 4.327269e+00 3.021548e+00 5.390585e+00 3.664151e+00 4.577233e+00 4.917812e+00 4.400466e+00 5.012358e+00 4.229690e+00 2.893227e+00 1.515683e+00
<GConst> 1.057093e+02
<TransP> 5
 0.000000e+00 1.000000e+00 0.000000e+00 0.000000e+00 0.000000e+00
 0.000000e+00 6.138682e-01 3.861318e-01 0.000000e+00 0.000000e+00
 0.000000e+00 0.000000e+00 3.319343e-01 6.680657e-01 0.000000e+00
 0.000000e+00 0.000000e+00 0.000000e+00 2.591244e-01 7.408756e-01
 0.000000e+00 0.000000e+00 0.000000e+00 0.000000e+00 0.000000e+00
<EndHMM>
~h "e"
<BeginHMM>
<NumStates> 5
<State> 2
<Mean> 25
 2.240957e+00 -2.947041e+00 5.298359e+00 -3.101433e+00 -1.159791e+01 -4.926066e+00 -7.153656e-01 1.153879e-01 -1.615265e+00 1.531220e+00 -5.124658e-03 4.115896e-01 9.897418e-02 -1.083600e-01 1.841151e-01 -1.651637e-01 -1.622411e-01 -4.230117e-02 4.300152e-02 7.466897e-02 -1.245417e-01 2.253177e-02 -2.742849e-02 5.151866e-02 3.280146e-02
<Variance> 25
 1.062635e+01 2.393208e+01 3.742899e+01 3.894263e+01 4.207176e+01 4.888705e+01 4.365360e+01 5.216464e+01 4.299909e+01 5.942843e+01 4.398895e+01 2.648120e+01 8.717116e-01 1.543546e+00 2.009393e+00 2.232098e+00 2.915137e+00 2.378620e+00 2.814747e+00 2.659365e+00 2.557374e+00 2.626529e+00 2.130943e+00 1.722877e+00 1.214022e+00
<GConst> 9.818201e+01
<State> 3
<Mean> 25
 3.627248e+00 -2.220436e+00 5.042608e+00 -3.660092e-01 -8.896392e+00 -5.202457e+00 -1.503880e+00 8.902301e-01 -1.521739e+00 7.248281e-01 -2.320406e-01 8.130426e-01 1.946034e-01 1.082653e+00 2.172701e-01 1.061953e+00 1.891663e+00 5.705202e-02 -1.957804e-02 -4.475736e-01 2.191237e-02 -3.876323e-01 -2.040189e-01 1.776095e-02 -1.867889e+00
<Variance> 25
 1.093980e+01 2.724065e+01 3.983645e+01 3.517656e+01 4.418499e+01 4.721638e+01 4.857442e+01 4.820003e+01 4.666919e+01 5.078135e+01 3.969267e+01 2.574868e+01 1.746493e+00 2.129078e+00 2.576860e+00 2.471757e+00 3.325300e+00 3.456285e+00 4.162255e+00 4.012488e+00 3.605190e+00 3.815033e+00 3.045631e+00 2.578093e+00 2.395545e+00
<GConst> 1.029687e+02
<State> 4
<Mean> 25
 2.131726e+00 1.036754e+00 4.140725e+00 1.715030e+00 -3.308628e+00 -4.586724e+00 -8.454771e-01 -2.253345e-01 -1.079889e+00 -2.342084e-01 -4.174529e-01 4.851554e-01 -6.474293e-01 1.076422e+00 -7.415224e-02 5.536984e-01 1.757586e+00 3.773285e-01 1.866683e-01 -4.020680e-01 1.884095e-02 -8.863166e-02 1.405125e-02 -4.986112e-02 -1.260484e+00
<Variance> 25
 4.128199e+01 3.664208e+01 4.406059e+01 3.383928e+01 5.013905e+01 4.915705e+01 5.141675e+01 5.032069e+01 4.702813e+01 4.000126e+01 3.707613e+01 2.628908e+01 5.440012e+00 4.385148e+00 3.491917e+00 3.204393e+00 5.552065e+00 4.108667e+00 4.622239e+00 6.196129e+00 4.332491e+00 4.135835e+00 4.028057e+00 2.945467e+00 3.628662e+00
<GConst> 1.093830e+02
<TransP> 5
 0.000000e+00 1.000000e+00 0.000000e+00 0.000000e+00 0.000000e+00
 0.000000e+00 6.183882e-01 3.816118e-01 0.000000e+00 0.000000e+00
 0.000000e+00 0.000000e+00 4.112163e-01 5.887837e-01 0.000000e+00
 0.000000e+00 0.000000e+00 0.000000e+00 3.547328e-01 6.452671e-01
 0.000000e+00 0.000000e+00 0.000000e+00 0.000000e+00 0.000000e+00
<EndHMM>
~h "f"
<BeginHMM>
<NumStates> 5
<State> 2
<Mean> 25
 -9.340787e+00 1.907256e+00 -1.400753e+00 4.695620e+00 2.697164e+00 6.466224e-01 5.775412e-03 2.427146e+00 8.308257e-01 4.614374e-01 2.061560e+00 4.509449e-01 -1.582313e+00 -5.941648e-01 -4.537806e-01 1.289451e-01 -1.081608e-01 -2.102824e-01 -2.626020e-01 1.162612e-01 6.478531e-02 6.456302e-02 1.106219e-01 1.480488e-01 -1.564270e-01
<Variance> 25
 2.138831e+01 2.480273e+01 3.417820e+01 2.451662e+01 3.187575e+01 3.499597e+01 3.451207e+01 2.937617e+01 2.911495e+01 2.930634e+01 2.870707e+01 2.146376e+01 3.114552e+00 1.648686e+00 1.865252e+00 1.534236e+00 1.952709e+00 2.280314e+00 2.479584e+00 2.251547e+00 2.293240e+00 2.043378e+00 2.004529e+00 1.634704e+00 1.422382e+00
<GConst> 9.504729e+01
<State> 3
<Mean> 25
 -1.115416e+01 -1.345156e+00 -3.374331e+00 4.578583e+00 3.581174e+00 1.190962e+00 5.536472e-01 2.947726e+00 1.601252e+00 1.188148e+00 1.831461e+00 1.118307e+00 2.448405e+00 -2.389560e-01 3.151477e-01 -3.033711e-01 -1.058648e-01 3.151836e-01 5.671549e-01 -2.492590e-01 -4.261181e-01 -2.973971e-01 -1.487021e-01 -3.179137e-01 1.544925e+00
<Variance> 25
 2.441216e+01 2.394666e+01 3.990302e+01 2.448461e+01 2.885426e+01 3.120139e+01 3.186995e+01 2.896200e+01 2.827911e+01 2.563115e+01 3.430049e+01 1.967069e+01 5.138036e+00 2.843574e+00 5.391811e+00 3.274313e+00 3.482126e+00 3.428477e+00 3.188323e+00 3.535088e+00 3.673989e+00 2.924048e+00 2.894481e+00 2.116725e+00 2.297529e+00
<GConst> 1.014064e+02
<State> 4
<Mean> 25
 5.823241e-01 1.483491e+00 -9.239576e-01 1.786672e+00 1.023718e-01 1.074882e+00 4.639362e-01 -4.607426e-01 -2.403373e+00 -1.024672e+00 4.101109e-01 -1.020726e+00 4.101285e+00 1.228349e-01 6.031719e-01 -2.092130e+00 -2.456792e+00 1.696158e-01 -9.692490e-01 -1.564029e+00 -1.379847e+00 -2.513336e-01 -3.829648e-01 -6.956572e-01 1.767797e+00
<Variance> 25
 4.826885e+01 2.970154e+01 1.018820e+02 5.908295e+01 5.290422e+01 4.678707e+01 3.351087e+01 3.632285e+01 3.969727e+01 2.959877e+01 2.573345e+01 2.010801e+01 3.346543e+00 6.035848e+00 8.079277e+00 6.545520e+00 4.984927e+00 5.108269e+00 4.939976e+00 5.663987e+00 6.746499e+00 5.575530e+00 6.072351e+00 3.275604e+00 2.167155e+00
<GConst> 1.110876e+02
<TransP> 5
 0.000000e+00 1.000000e+00 0.000000e+00 0.000000e+00 0.000000e+00
 0.000000e+00 7.730654e-01 2.269346e-01 0.000000e+00 0.000000e+00
 0.000000e+00 0.000000e+00 5.184746e-01 4.815255e-01 0.000000e+00
 0.000000e+00 0.000000e+00 0.000000e+00 4.958755e-01 5.041245e-01
 0.000000e+00 0.000000e+00 0.000000e+00 0.000000e+00 0.000000e+00
<EndHMM>
~h "g"
<BeginHMM>
<NumStates> 5
<State> 2
<Mean> 25
 1.390293e-01 3.316797e+00 1.125757e+00 1.477750e+00 1.893048e+00 -7.867630e-01 -1.498085e+00 -1.648348e+00 -1.377588e+00 1.476709e+00 2.482846e-01 8.585317e-01 1.273650e-02 1.108584e-01 -3.876912e-01 -2.881283e-01 1.132791e-01 1.355802e-01 2.623363e-01 2.426025e-01 -1.976525e-01 1.775962e-02 -6.353837e-02 4.853980e-02 -1.727749e-01
<Variance> 25
 7.864504e+01 3.914843e+01 5.585457e+01 4.059196e+01 6.968948e+01 5.741495e+01 6.007500e+01 6.410092e+01 5.208795e+01 4.639151e+01 4.316558e+01 2.922168e+01 4.352162e+00 3.307371e+00 3.890443e+00 3.077357e+00 4.876663e+00 4.288611e+00 4.821696e+00 5.241573e+00 4.732940e+00 3.913780e+00 3.446628e+00 2.541799e+00 4.284929e+00
<GConst> 1.111500e+02
<State> 3
<Mean> 25
 3.317136e+00 6.561413e-01 -1.094695e+00 -8.120398e-02 -5.252548e-01 -1.839231e+00 -1.747913e+00 3.364700e-02 -1.116943e+00 2.599170e+00 -1.232001e+00 1.514973e-01 9.615415e-01 -1.138802e+00 -1.612775e+00 -1.679997e+00 -1.109455e+00 4.877752e-01 4.754234e-01 6.895018e-01 1.959932e-01 -2.302006e-01 -4.807225e-01 -4.339144e-01 2.187134e+00
<Variance> 25
 2.707680e+01 4.368836e+01 5.298956e+01 3.746442e+01 7.251918e+01 5.880625e+01 5.207574e+01 5.997882e+01 5.173377e+01 5.364233e+01 4.339173e+01 2.672860e+01 2.687948e+00 4.253203e+00 4.108321e+00 3.831273e+00 5.647273e+00 4.799016e+00 5.688273e+00 5.668414e+00 6.209409e+00 5.521919e+00 5.001710e+00 3.466877e+00 4.632696e+00
<GConst> 1.118919e+02
<State> 4
<Mean> 25
 6.062658e+00 -7.106434e-01 -4.544751e+00 -4.531493e+00 -2.942611e+00 1.954326e+00 -8.490239e-01 -7.236388e-01 -1.034883e+00 4.742721e-01 -8.600644e-01 -1.300708e+00 5.612763e-01 -9.629847e-01 -1.124578e+00 -9.844872e-01 -6.697056e-01 7.762804e-01 2.974464e-01 1.894070e-02 2.432390e-01 -6.629276e-01 -1.417810e-02 -4.795441e-01 1.315871e+00
<Variance> 25
 1.815571e+01 6.905296e+01 5.556103e+01 5.387991e+01 5.937013e+01 7.709887e+01 5.962888e+01 7.329484e+01 7.349743e+01 7.841328e+01 6.848496e+01 3.758104e+01 1.454824e+00 2.914923e+00 3.194018e+00 4.958601e+00 5.346242e+00 4.238172e+00 4.835765e+00 5.048112e+00 5.071954e+00 5.466591e+00 4.101753e+00 3.100025e+00 2.245818e+00
<GConst> 1.116059e+02
<TransP> 5
 0.000000e+00 1.000000e+00 0.000000e+00 0.000000e+00 0.000000e+00
 0.000000e+00 6.260719e-01 3.739280e-01 0.000000e+00 0.000000e+00
 0.000000e+00 0.000000e+00 3.278962e-01 6.721037e-01 0.000000e+00
 0.000000e+00 0.000000e+00 0.000000e+00 3.231165e-01 6.768835e-01
 0.000000e+00 0.000000e+00 0.000000e+00 0.000000e+00 0.000000e+00
<EndHMM>
~h "i"
<BeginHMM>
<NumStates> 5
<State> 2
<Mean> 25
 -4.557545e-01 5.566712e+00 1.284161e+01 -1.593751e+00 -9.990757e+00 1.558493e+00 -5.875584e+00 -8.368754e+00 -7.195142e+00 -2.061157e-01 -2.758419e+00 -9.580575e-01 5.963679e-02 4.184118e-01 7.663563e-01 -7.921153e-01 -1.135400e+00 6.799299e-01 -8.258248e-01 -9.346537e-01 -5.113381e-01 2.084771e-01 -5.851011e-01 -7.661228e-02 5.212545e-01
<Variance> 25
 1.284757e+01 2.967288e+01 2.991319e+01 5.469409e+01 3.634960e+01 4.248291e+01 5.477027e+01 3.994825e+01 3.938932e+01 4.369752e+01 3.968917e+01 2.609003e+01 2.294883e+00 2.476331e+00 2.491985e+00 3.260509e+00 4.102992e+00 3.184625e+00 4.672330e+00 3.641674e+00 3.257758e+00 2.975380e+00 3.158653e+00 2.067383e+00 2.117601e+00
<GConst> 1.028515e+02
<State> 3
<Mean> 25
 1.042354e-01 5.195951e+00 1.234679e+01 -3.912024e-01 -1.097807e+01 1.007075e+00 -3.634474e+00 -8.513025e+00 -6.971631e+00 6.497356e-01 -2.739445e+00 -7.572643e-01 4.108954e-01 -1.173279e-01 -7.612895e-01 1.004949e+00 8.549045e-01 -1.008577e+00 1.110799e+00 7.837918e-01 3.874539e-01 -1.664867e-01 4.531715e-01 7.861110e-02 -9.713508e-01
<Variance> 25
 1.149131e+01 2.522866e+01 3.174771e+01 5.377371e+01 4.152669e+01 4.511437e+01 4.531225e+01 4.000667e+01 4.887676e+01 4.824379e+01 4.025716e+01 2.746165e+01 1.507605e+00 2.086392e+00 1.839492e+00 2.598623e+00 3.253107e+00 2.726727e+00 3.628108e+00 3.299441e+00 2.909870e+00 2.634347e+00 2.203421e+00 1.787784e+00 2.362610e+00
<GConst> 1.005140e+02
<State> 4
<Mean> 25
 4.398059e-01 4.809570e+00 8.920870e+00 4.183415e+00 -4.946932e+00 -3.101811e+00 -7.527699e-02 -3.686069e+00 -4.995429e+00 -1.228200e+00 -4.547811e-01 -2.067657e-01 -3.475684e-01 -1.686755e-01 -1.385097e+00 4.244564e-01 2.087410e+00 -4.684367e-01 4.260431e-01 8.838863e-01 1.005095e+00 -9.510019e-02 1.379378e-01 7.226578e-02 -1.099136e+00
<Variance> 25
 3.038729e+01 3.563969e+01 3.723647e+01 3.942693e+01 4.551703e+01 4.226163e+01 4.014266e+01 4.348819e+01 4.566229e+01 3.834378e+01 3.420969e+01 2.432225e+01 4.045413e+00 3.307709e+00 3.681730e+00 3.476663e+00 4.921673e+00 3.977716e+00 4.664282e+00 5.108248e+00 4.462111e+00 3.690384e+00 3.901232e+00 2.396051e+00 3.920915e+00
<GConst> 1.071360e+02
<TransP> 5
 0.000000e+00 1.000000e+00 0.000000e+00 0.000000e+00 0.000000e+00
 0.000000e+00 6.400334e-01 3.599666e-01 0.000000e+00 0.000000e+00
 0.000000e+00 0.000000e+00 6.057540e-01 3.942461e-01 0.000000e+00
 0.000000e+00 0.000000e+00 0.000000e+00 5.276541e-01 4.723460e-01
 0.000000e+00 0.000000e+00 0.000000e+00 0.000000e+00 0.000000e+00
<EndHMM>
~h "j"
<BeginHMM>
<NumStates> 5
<State> 2
<Mean> 25
 -8.636240e-01 6.198488e+00 1.212223e+01 1.369427e-01 -8.163206e+00 1.110046e+00 -4.226921e+00 -7.088811e+00 -6.689993e+00 -6.092257e-01 -1.557349e+00 -9.001730e-01 5.711873e-01 -1.904203e-01 6.655876e-01 -9.634341e-01 -1.802289e+00 -1.526017e-02 -1.178111e+00 -6.431429e-01 -7.680338e-01 5.131943e-01 -2.424159e-01 -1.543033e-02 1.028473e+00
<Variance> 25
 1.707241e+01 2.730787e+01 3.262922e+01 4.904038e+01 3.996344e+01 4.362851e+01 4.927875e+01 3.982552e+01 3.899089e+01 4.407445e+01 3.487113e+01 2.484502e+01 4.212350e+00 3.277977e+00 3.204181e+00 3.728150e+00 5.778066e+00 4.455404e+00 5.514030e+00 4.254168e+00 4.265858e+00 4.465290e+00 4.176000e+00 2.032455e+00 2.836570e+00
<GConst> 1.063658e+02
<State> 3
<Mean> 25
 4.612026e-02 1.788784e+00 1.044954e+01 -2.119936e+00 -1.368143e+01 -1.669983e+00 -4.014775e+00 -4.904308e+00 -7.030294e+00 2.430835e+00 -1.382362e-01 -4.835063e-01 6.159675e-01 -1.748738e+00 -1.785941e+00 -5.350523e-01 -7.799958e-01 -1.262959e+00 6.506034e-01 1.907555e+00 8.927001e-01 3.883778e-01 3.255342e-01 9.167484e-02 1.090625e+00
<Variance> 25
 8.949186e+00 1.687039e+01 3.133713e+01 5.160587e+01 3.094781e+01 4.566948e+01 3.784378e+01 3.963092e+01 4.579206e+01 7.658794e+01 4.201733e+01 2.517516e+01 9.093023e-01 1.743115e+00 2.046952e+00 2.426803e+00 2.900713e+00 2.737565e+00 5.178908e+00 3.397411e+00 3.375080e+00 3.192012e+00 2.252765e+00 2.115638e+00 8.910947e-01
<GConst> 9.887223e+01
<State> 4
<Mean> 25
 2.441257e+00 -2.960998e+00 2.308550e+00 -2.290733e+00 -9.996593e+00 -4.500302e+00 -2.529680e+00 2.656297e+00 -1.410415e+00 6.164528e-01 -1.127811e+00 -8.269386e-01 7.877775e-01 -1.175554e+00 -2.594096e+00 -4.108994e-01 1.983328e+00 2.995035e-01 6.967403e-02 1.131169e+00 1.758201e+00 -4.692735e-01 -9.540768e-01 -6.547785e-01 2.278579e-01
<Variance> 25
 9.184274e+00 2.096820e+01 3.731501e+01 3.707991e+01 3.969993e+01 4.671095e+01 6.255828e+01 4.745982e+01 5.457748e+01 6.002378e+01 4.665278e+01 2.724387e+01 6.452073e-01 1.481775e+00 2.253560e+00 3.178524e+00 2.972237e+00 3.354811e+00 4.478905e+00 4.344785e+00 4.849641e+00 6.193099e+00 2.686027e+00 2.666809e+00 7.043732e-01
<GConst> 1.014160e+02
<TransP> 5
 0.000000e+00 1.000000e+00 0.000000e+00 0.000000e+00 0.000000e+00
 0.000000e+00 6.149698e-01 3.850302e-01 0.000000e+00 0.000000e+00
 0.000000e+00 0.000000e+00 5.581588e-01 4.418412e-01 0.000000e+00
 0.000000e+00 0.000000e+00 0.000000e+00 5.280302e-01 4.719698e-01
 0.000000e+00 0.000000e+00 0.000000e+00 0.000000e+00 0.000000e+00
<EndHMM>
~h "k"
<BeginHMM>
<NumStates> 5
<State> 2
<Mean> 25
 -4.096195e+00 1.114305e+00 1.845468e+00 2.536973e+00 1.398783e+00 -3.493642e+00 7.706312e-01 7.531880e-01 7.159603e-01 3.543245e-01 4.046053e-01 1.434947e+00 -8.287501e-01 -5.765933e-01 -9.619949e-01 -9.603316e-02 4.748777e-01 3.459077e-01 -2.802007e-02 3.399692e-01 -1.537033e-01 2.088965e-01 2.404622e-01 1.376465e-01 8.054001e-01
<Variance> 25
 6.376700e+01 5.051005e+01 5.197683e+01 3.666962e+01 6.223053e+01 4.973456e+01 4.937045e+01 5.232344e+01 4.596811e+01 3.792199e+01 3.886997e+01 2.554412e+01 5.290730e+00 4.678587e+00 6.132940e+00 3.756515e+00 5.678903e+00 4.307514e+00 4.050952e+00 4.669551e+00 4.158162e+00 3.612779e+00 3.629911e+00 2.506932e+00 8.210485e+00
<GConst> 1.113420e+02
<State> 3
<Mean> 25
 -4.371413e+00 -2.223888e+00 -6.562972e+00 1.406092e-01 6.909276e+00 1.438570e+00 -4.968802e-01 1.904584e+00 -1.045732e+00 2.988930e+00 1.678534e+00 1.263656e+00 9.645372e-01 5.102113e-02 -2.084909e+00 -1.489003e+00 1.083187e-01 1.273938e+00 -1.819242e-01 -1.004926e-01 -1.080895e+00 5.648659e-01 2.338194e-01 -1.550361e-01 3.306974e+00
<Variance> 25
 2.966203e+01 3.407583e+01 8.106476e+01 5.160208e+01 7.630128e+01 5.837365e+01 5.179410e+01 4.833413e+01 5.258077e+01 4.197701e+01 3.992727e+01 2.812953e+01 4.933894e+00 4.653293e+00 1.081816e+01 5.300287e+00 9.707124e+00 7.144786e+00 5.453622e+00 6.140064e+00 5.936019e+00 5.370650e+00 5.485997e+00 3.027877e+00 5.197799e+00
<GConst> 1.150078e+02
<State> 4
<Mean> 25
 2.117234e+00 1.758119e+00 -3.492601e+00 -3.186028e+00 -3.214358e-01 1.130598e+00 -8.136799e-01 -1.364641e+00 -3.287105e+00 2.153624e+00 1.076475e+00 1.248138e-01 2.410008e+00 1.899361e-01 7.548180e-01 -1.435558e+00 -2.814424e+00 -1.413597e-01 -3.188755e-01 -8.439284e-01 -2.976656e-01 -4.238906e-01 -2.099637e-01 -5.494888e-01 1.995623e+00
<Variance> 25
 3.589711e+01 3.400213e+01 9.479202e+01 6.077922e+01 8.243782e+01 6.382610e+01 4.833368e+01 5.442185e+01 4.975362e+01 5.864743e+01 5.174038e+01 2.360065e+01 3.286912e+00 4.531081e+00 5.558972e+00 4.984237e+00 5.746119e+00 4.859503e+00 5.485771e+00 6.300281e+00 6.854915e+00 5.892095e+00 7.506322e+00 3.634116e+00 2.252776e+00
<GConst> 1.139538e+02
<TransP> 5
 0.000000e+00 1.000000e+00 0.000000e+00 0.000000e+00 0.000000e+00
 0.000000e+00 6.705645e-01 3.294356e-01 0.000000e+00 0.000000e+00
 0.000000e+00 0.000000e+00 4.161833e-01 5.838167e-01 0.000000e+00
 0.000000e+00 0.000000e+00 0.000000e+00 5.131450e-01 4.868550e-01
 0.000000e+00 0.000000e+00 0.000000e+00 0.000000e+00 0.000000e+00
<EndHMM>
~h "l"
<BeginHMM>
<NumStates> 5
<State> 2
<Mean> 25
 4.519583e+00 -2.414401e-01 7.390338e+00 3.758866e-01 -1.660990e+00 -3.585570e+00 -8.461173e+00 -2.738375e+00 1.381952e-01 -2.803143e+00 -2.782703e+00 2.666324e+00 1.295624e-01 7.150687e-02 2.820643e-01 4.645965e-03 2.201764e-01 1.783500e-01 -4.453342e-01 -1.504024e-01 1.725438e-01 -3.613019e-03 -2.920837e-01 1.261639e-01 -4.772510e-01
<Variance> 25
 1.627584e+01 2.834070e+01 5.270360e+01 4.511161e+01 4.838128e+01 4.995358e+01 5.892405e+01 5.179964e+01 4.986762e+01 5.274109e+01 5.023689e+01 4.788255e+01 1.209503e+00 1.953438e+00 3.202576e+00 2.765481e+00 3.366112e+00 3.184395e+00 4.285092e+00 4.125154e+00 3.423148e+00 3.321858e+00 3.126057e+00 2.835072e+00 3.133933e+00
<GConst> 1.053693e+02
<State> 3
<Mean> 25
 5.180577e+00 -2.066424e+00 4.329586e+00 -6.613638e-01 -1.978921e+00 -3.314887e+00 -8.284032e+00 -1.119320e+00 1.854686e+00 -2.034969e-01 -3.088321e+00 1.433274e+00 -1.203865e-01 -9.872737e-01 -1.751974e+00 -5.294251e-01 -7.968504e-01 6.617062e-01 1.569777e+00 1.290368e+00 2.024017e-01 7.973225e-01 1.993653e-01 -9.891479e-01 8.564348e-01
<Variance> 25
 1.530039e+01 3.104647e+01 5.436164e+01 4.056173e+01 4.562301e+01 4.785890e+01 6.041563e+01 6.470232e+01 4.860705e+01 4.590983e+01 4.548866e+01 4.074866e+01 1.385492e+00 3.162701e+00 4.583580e+00 3.465732e+00 4.804799e+00 5.013685e+00 6.523077e+00 6.046162e+00 4.679204e+00 5.745193e+00 4.668136e+00 3.834878e+00 2.824436e+00
<GConst> 1.093180e+02
<State> 4
<Mean> 25
 5.098197e+00 -2.435350e+00 -1.282229e+00 -2.105576e+00 -2.461573e+00 8.736488e-01 -3.058557e+00 -6.123130e-01 2.415770e-01 4.835850e-01 -1.060174e+00 -1.500942e+00 -2.505769e-01 -2.743335e-01 -8.689061e-01 -2.134072e-01 -1.291208e-01 5.908464e-01 1.010447e+00 2.173080e-01 -8.047101e-02 7.132728e-03 2.393460e-01 -3.317070e-01 4.829782e-01
<Variance> 25
 2.500389e+01 4.691256e+01 7.516832e+01 5.728001e+01 5.561176e+01 6.665549e+01 6.448564e+01 6.983638e+01 6.431953e+01 5.592647e+01 5.345385e+01 3.661778e+01 2.431359e+00 3.693223e+00 5.259965e+00 5.185648e+00 5.870151e+00 5.670895e+00 6.455753e+00 5.734078e+00 5.775149e+00 5.352151e+00 4.965155e+00 3.601477e+00 4.576705e+00
<GConst> 1.142331e+02
<TransP> 5
 0.000000e+00 1.000000e+00 0.000000e+00 0.000000e+00 0.000000e+00
 0.000000e+00 5.535207e-01 4.464793e-01 0.000000e+00 0.000000e+00
 0.000000e+00 0.000000e+00 3.264893e-01 6.735107e-01 0.000000e+00
 0.000000e+00 0.000000e+00 0.000000e+00 5.328401e-01 4.671599e-01
 0.000000e+00 0.000000e+00 0.000000e+00 0.000000e+00 0.000000e+00
<EndHMM>
~h "m"
<BeginHMM>
<NumStates> 5
<State> 2
<Mean> 25
 9.715543e+00 1.012942e+00 3.140823e+00 3.937886e+00 1.866230e+00 2.288294e+00 7.641448e-01 -1.109839e+01 -8.303518e+00 -8.871483e-01 -4.419383e-01 -5.366748e+00 2.111329e-01 4.224197e-01 5.739424e-01 9.239438e-01 4.643471e-01 1.607485e-01 5.529282e-01 -1.312042e+00 -9.289366e-01 -7.469150e-03 5.417710e-02 -3.434902e-01 -7.572119e-01
<Variance> 25
 8.076907e+00 2.029603e+01 2.217212e+01 3.669695e+01 3.131169e+01 5.325559e+01 4.339010e+01 5.455779e+01 4.969552e+01 4.781015e+01 4.981016e+01 3.628170e+01 6.338540e-01 1.554482e+00 2.033490e+00 2.497653e+00 2.529217e+00 2.359657e+00 2.696528e+00 4.997829e+00 3.922261e+00 3.032185e+00 2.861549e+00 2.449028e+00 1.439071e+00
<GConst> 9.899387e+01
<State> 3
<Mean> 25
 9.437834e+00 1.032953e+00 2.604825e+00 4.043459e+00 2.198472e+00 2.644516e+00 1.347631e+00 -1.132837e+01 -8.547421e+00 -1.237832e+00 2.190560e-01 -5.311646e+00 -5.367410e-01 -6.717663e-01 -8.688591e-01 -1.372308e+00 -7.328553e-01 2.871502e-01 -7.134325e-01 2.214081e+00 1.253304e+00 -1.568988e-01 -2.515007e-01 2.517664e-01 7.758977e-01
<Variance> 25
 9.499027e+00 2.232485e+01 2.365127e+01 3.723588e+01 3.412747e+01 5.061496e+01 4.306623e+01 5.747738e+01 5.170387e+01 4.798066e+01 4.615999e+01 3.633178e+01 9.054700e-01 2.041870e+00 3.227185e+00 3.309742e+00 2.933662e+00 2.930287e+00 3.070514e+00 4.233456e+00 3.845376e+00 3.336866e+00 3.132451e+00 2.710293e+00 2.863078e+00
<GConst> 1.020360e+02
<State> 4
<Mean> 25
 7.357988e+00 -2.613277e+00 -1.074271e+00 -1.894317e+00 -6.903881e-01 3.253152e+00 -1.851857e+00 -2.623861e+00 -2.628076e+00 -1.720911e+00 -7.908269e-01 -4.416960e+00 -1.167909e+00 -1.147698e+00 -6.953372e-01 -2.023997e+00 -1.010924e+00 4.193971e-01 -5.962504e-01 2.723256e+00 1.633197e+00 -1.997180e-01 -4.786798e-01 6.417822e-01 1.632153e+00
<Variance> 25
 1.372876e+01 4.451405e+01 5.805608e+01 5.703384e+01 5.336369e+01 6.251147e+01 4.545637e+01 5.030945e+01 4.758854e+01 3.735040e+01 3.477490e+01 2.995850e+01 1.734289e+00 2.836119e+00 5.437803e+00 5.502812e+00 5.522224e+00 4.861777e+00 4.800375e+00 6.216106e+00 6.831430e+00 4.940522e+00 5.086669e+00 4.220328e+00 2.815751e+00
<GConst> 1.100448e+02
<TransP> 5
 0.000000e+00 1.000000e+00 0.000000e+00 0.000000e+00 0.000000e+00
 0.000000e+00 6.549215e-01 3.450785e-01 0.000000e+00 0.000000e+00
 0.000000e+00 0.000000e+00 3.957851e-01 6.042149e-01 0.000000e+00
 0.000000e+00 0.000000e+00 0.000000e+00 4.728721e-01 5.271279e-01
 0.000000e+00 0.000000e+00 0.000000e+00 0.000000e+00 0.000000e+00
<EndHMM>
~h "n"
<BeginHMM>
<NumStates> 5
<State> 2
<Mean> 25
 8.646323e+00 1.893562e+00 4.021288e+00 2.900875e+00 -2.452149e+00 -6.373279e-01 3.567966e-01 -8.658725e+00 -5.817976e+00 -1.717635e+00 -4.414225e+00 -1.754311e+00 3.725762e-01 8.719534e-01 6.556803e-01 8.143728e-01 4.910049e-01 -2.442322e-02 3.813282e-01 -8.675724e-01 -3.156739e-01 2.770110e-04 -2.071737e-01 1.490408e-01 -1.269804e+00
<Variance> 25
 9.824663e+00 1.983784e+01 2.484699e+01 3.666600e+01 3.228664e+01 5.095225e+01 3.591388e+01 4.886349e+01 4.759640e+01 4.582102e+01 4.529376e+01 3.454303e+01 7.280552e-01 1.306401e+00 1.936934e+00 1.864201e+00 2.507795e+00 2.504478e+00 2.606582e+00 4.374020e+00 2.969084e+00 2.496965e+00 2.402101e+00 2.132645e+00 1.100226e+00
<GConst> 9.719018e+01
<State> 3
<Mean> 25
 7.547910e+00 3.649069e+00 5.575251e+00 3.483862e+00 -4.268033e-01 -5.714999e-01 7.988719e-01 -6.509157e+00 -4.633646e+00 -1.364078e+00 -3.557234e+00 -1.141340e+00 -1.076741e+00 -2.042781e-01 1.737405e-01 -4.032491e-01 5.320789e-01 2.037473e-02 -3.599065e-01 1.416979e+00 6.535798e-01 -4.001251e-02 2.700113e-01 7.711329e-02 -9.009593e-01
<Variance> 25
 1.309641e+01 2.605543e+01 2.985425e+01 3.010858e+01 3.678949e+01 4.215799e+01 3.684301e+01 4.720003e+01 4.466002e+01 3.965039e+01 3.891123e+01 2.798521e+01 1.257825e+00 2.235236e+00 2.274591e+00 2.416129e+00 3.104140e+00 2.937381e+00 2.846608e+00 4.217837e+00 3.399361e+00 2.849322e+00 2.732207e+00 2.426768e+00 3.176172e+00
<GConst> 1.006119e+02
<State> 4
<Mean> 25
 5.041522e+00 -3.286156e-01 2.792284e+00 4.006883e-01 -1.385732e+00 -3.720930e-01 -2.144250e+00 -1.783784e+00 -2.484681e+00 -1.990284e+00 -2.974276e+00 -1.478285e+00 -1.400947e+00 -1.010861e+00 -9.882157e-01 -1.101057e+00 -3.042038e-02 5.133115e-01 -3.884684e-01 1.829942e+00 6.974290e-01 -6.883574e-02 5.232146e-01 3.113515e-02 1.437432e+00
<Variance> 25
 2.100193e+01 4.474561e+01 5.512964e+01 4.492456e+01 4.818317e+01 4.775172e+01 5.061200e+01 5.988456e+01 5.069371e+01 4.489224e+01 4.073636e+01 3.088860e+01 3.332739e+00 3.814530e+00 4.842440e+00 4.356195e+00 5.601051e+00 5.175134e+00 4.906754e+00 6.278688e+00 4.927472e+00 4.148593e+00 4.507537e+00 3.509573e+00 3.321102e+00
<GConst> 1.105978e+02
<TransP> 5
 0.000000e+00 1.000000e+00 0.000000e+00 0.000000e+00 0.000000e+00
 0.000000e+00 6.014028e-01 3.985972e-01 0.000000e+00 0.000000e+00
 0.000000e+00 0.000000e+00 4.509440e-01 5.490561e-01 0.000000e+00
 0.000000e+00 0.000000e+00 0.000000e+00 4.681894e-01 5.318106e-01
 0.000000e+00 0.000000e+00 0.000000e+00 0.000000e+00 0.000000e+00
<EndHMM>
~h "o"
<BeginHMM>
<NumStates> 5
<State> 2
<Mean> 25
 7.085342e+00 -9.249913e-01 -8.817704e+00 -1.007701e+01 -1.066294e+00 5.576754e+00 -5.009743e+00 -3.711526e+00 2.192283e-01 3.297131e+00 1.467879e+00 -2.468050e+00 3.316423e-01 -5.366100e-02 -4.832623e-01 -7.003963e-01 2.059295e-01 8.636011e-01 1.638053e-01 -4.261608e-01 -1.927733e-01 6.224378e-02 4.784707e-01 -8.232608e-02 -7.032358e-02
<Variance> 25
 1.235571e+01 2.974444e+01 3.192316e+01 5.773222e+01 3.984245e+01 5.980126e+01 5.897255e+01 5.332122e+01 5.551507e+01 6.987848e+01 6.873275e+01 3.570025e+01 6.737324e-01 1.525739e+00 1.690791e+00 3.431276e+00 2.889329e+00 2.781600e+00 2.981096e+00 3.020276e+00 3.381005e+00 3.585307e+00 2.738832e+00 2.451071e+00 1.096365e+00
<GConst> 1.018294e+02
<State> 3
<Mean> 25
 7.959848e+00 1.596370e-01 -7.709937e+00 -7.382099e+00 5.019574e-01 6.282490e+00 -4.490061e+00 -4.167637e+00 -3.473269e-01 3.002828e+00 2.365730e+00 -1.737954e+00 -2.078820e-01 1.249573e-01 1.142166e+00 1.789699e+00 7.906650e-01 -8.829517e-01 9.698407e-02 -8.740357e-02 5.056292e-01 -2.742164e-01 -4.897601e-01 -7.892847e-02 -1.512486e+00
<Variance> 25
 1.269819e+01 3.239092e+01 3.703126e+01 5.049306e+01 5.062211e+01 5.762731e+01 6.278735e+01 4.884994e+01 5.599576e+01 6.553198e+01 5.615981e+01 3.771850e+01 1.058250e+00 2.265139e+00 2.361672e+00 3.770732e+00 3.839655e+00 3.740583e+00 4.397724e+00 4.190576e+00 4.876252e+00 4.689610e+00 3.684639e+00 2.955223e+00 2.775315e+00
<GConst> 1.065506e+02
<State> 4
<Mean> 25
 4.633232e+00 -9.110882e-02 -3.659511e+00 -1.590106e+00 2.027345e+00 1.211594e+00 -4.338311e+00 -2.874128e+00 2.367019e+00 1.334969e+00 -2.164069e-01 -1.696103e+00 -1.418371e+00 6.287359e-01 1.403821e+00 1.453136e+00 7.024511e-01 -9.433084e-01 6.347146e-01 2.637211e-01 1.922865e-01 -8.287565e-01 -2.604052e-01 3.560988e-01 -6.395268e-01
<Variance> 25
 4.459937e+01 3.658548e+01 3.857137e+01 4.144316e+01 5.109504e+01 5.366476e+01 6.043777e+01 6.157660e+01 5.559158e+01 5.055955e+01 4.624660e+01 3.154277e+01 6.003378e+00 4.461140e+00 4.031888e+00 4.110236e+00 5.939105e+00 4.699780e+00 4.731285e+00 6.428109e+00 5.625757e+00 5.160174e+00 5.014277e+00 3.310651e+00 3.551571e+00
<GConst> 1.123705e+02
<TransP> 5
 0.000000e+00 1.000000e+00 0.000000e+00 0.000000e+00 0.000000e+00
 0.000000e+00 6.690934e-01 3.309065e-01 0.000000e+00 0.000000e+00
 0.000000e+00 0.000000e+00 6.019130e-01 3.980871e-01 0.000000e+00
 0.000000e+00 0.000000e+00 0.000000e+00 4.324088e-01 5.675911e-01
 0.000000e+00 0.000000e+00 0.000000e+00 0.000000e+00 0.000000e+00
<EndHMM>
~h "p"
<BeginHMM>
<NumStates> 5
<State> 2
<Mean> 25
 -3.947918e+00 1.034788e+00 6.368430e-01 1.963254e+00 5.268532e+00 -4.703231e-01 2.714534e+00 2.935988e+00 2.744558e+00 7.341850e-01 7.716600e-01 2.243448e+00 -4.703329e-01 -9.782799e-02 -4.750514e-02 1.508163e-01 7.797445e-02 -5.736693e-02 -2.688476e-02 1.208622e-01 6.524690e-02 5.835262e-02 1.245837e-01 1.111153e-01 -3.712281e-01
<Variance> 25
 5.617423e+01 5.253806e+01 4.405516e+01 2.986297e+01 4.527942e+01 5.132488e+01 4.599633e+01 4.492899e+01 4.055273e+01 3.705098e+01 3.801516e+01 2.970747e+01 2.233054e+00 1.842592e+00 1.942055e+00 1.654282e+00 2.039991e+00 2.459077e+00 2.384892e+00 2.370197e+00 2.451565e+00 2.257321e+00 2.206574e+00 1.855458e+00 3.735629e+00
<GConst> 1.012129e+02
<State> 3
<Mean> 25
 -2.239377e+00 9.917165e-01 -1.061200e-01 2.615707e+00 4.029449e+00 -5.200884e-01 -2.910576e-03 1.058480e+00 1.738660e+00 5.307360e-01 1.330257e+00 5.799043e-01 1.415212e+00 -1.260169e+00 -2.062756e+00 -8.173063e-01 -9.238991e-01 1.070502e+00 -4.696004e-01 -9.819859e-02 -4.529038e-01 2.521810e-01 7.112999e-02 -4.684409e-01 4.782523e+00
<Variance> 25
 2.953820e+01 3.310303e+01 4.683898e+01 3.135223e+01 3.973091e+01 4.410259e+01 3.823343e+01 3.670583e+01 3.561086e+01 3.000586e+01 3.361899e+01 2.350115e+01 6.022322e+00 5.709630e+00 7.233773e+00 6.574478e+00 7.231106e+00 6.809001e+00 5.994496e+00 5.797032e+00 5.831505e+00 5.459184e+00 5.085417e+00 3.920950e+00 5.775336e+00
<GConst> 1.115370e+02
<State> 4
<Mean> 25
 6.930166e+00 -7.335118e-01 -5.325000e+00 -5.033141e+00 -1.996951e+00 4.583154e+00 -1.351889e+00 -1.793185e+00 -5.444342e-01 1.749919e-01 1.283104e+00 -1.047265e+00 1.692482e+00 -8.098691e-01 -6.416972e-01 -1.255786e+00 -1.546426e+00 4.505306e-01 -5.923683e-01 -5.068247e-01 -3.025344e-01 9.617700e-02 -2.042359e-01 -3.263982e-01 1.790941e+00
<Variance> 25
 2.260167e+01 4.767883e+01 7.033402e+01 8.554383e+01 6.487972e+01 7.134551e+01 5.371864e+01 4.506345e+01 5.198896e+01 5.446440e+01 4.495284e+01 3.541774e+01 4.072937e+00 5.385550e+00 6.222246e+00 9.273396e+00 7.563991e+00 6.026267e+00 6.066266e+00 5.814490e+00 6.551008e+00 6.039444e+00 6.242153e+00 4.058557e+00 5.197436e+00
<GConst> 1.162693e+02
<TransP> 5
 0.000000e+00 1.000000e+00 0.000000e+00 0.000000e+00 0.000000e+00
 0.000000e+00 7.698392e-01 2.301608e-01 0.000000e+00 0.000000e+00
 0.000000e+00 0.000000e+00 6.017510e-01 3.982490e-01 0.000000e+00
 0.000000e+00 0.000000e+00 0.000000e+00 5.081486e-01 4.918515e-01
 0.000000e+00 0.000000e+00 0.000000e+00 0.000000e+00 0.000000e+00
<EndHMM>
~h "dx"
<BeginHMM>
<NumStates> 5
<State> 2
<Mean> 25
 4.815000e+00 -2.698534e+00 2.829663e-02 3.557274e+00 -1.576031e+00 -2.867987e+00 -3.704820e+00 1.015630e+00 2.110852e+00 3.699661e-01 -8.215809e-01 -1.214810e+00 1.970784e-01 -4.047898e-01 5.734043e-01 -7.687353e-02 -2.590292e-01 -1.940214e-01 -3.613414e-01 1.118596e-01 -9.206036e-02 -8.333906e-02 -1.172806e-01 3.195451e-02 -2.418778e-01
<Variance> 25
 1.915357e+01 2.732158e+01 5.329301e+01 3.166002e+01 5.528528e+01 4.303406e+01 5.014854e+01 4.824777e+01 4.280817e+01 4.053399e+01 3.515244e+01 2.628813e+01 2.518912e+00 2.826954e+00 3.951231e+00 2.773415e+00 4.808183e+00 3.613816e+00 3.823573e+00 4.452991e+00 4.013503e+00 3.703805e+00 3.379920e+00 2.619043e+00 3.056697e+00
<GConst> 1.055355e+02
<State> 3
<Mean> 25
 5.171898e+00 -4.372381e+00 3.259728e-01 2.039946e+00 -3.893556e+00 -2.812975e+00 -4.691373e+00 1.890681e+00 1.679581e+00 6.685963e-01 -9.217859e-01 -8.022940e-01 -8.791149e-02 -6.050047e-01 -1.229735e-01 -1.007412e+00 -7.296597e-01 1.789431e-01 1.388065e-01 1.839423e-01 -3.510017e-01 2.057661e-01 -1.536259e-01 -7.785476e-03 7.326656e-01
<Variance> 25
 1.796050e+01 3.029321e+01 5.977172e+01 3.365288e+01 5.762611e+01 4.496950e+01 5.677465e+01 5.747486e+01 4.751120e+01 4.729315e+01 4.088334e+01 3.038978e+01 2.700584e+00 3.143625e+00 5.259810e+00 3.414347e+00 5.765718e+00 4.207191e+00 4.795376e+00 5.577309e+00 5.016630e+00 4.891243e+00 4.533935e+00 3.303586e+00 2.599781e+00
<GConst> 1.090095e+02
<State> 4
<Mean> 25
 3.929030e+00 -2.640371e+00 -8.862156e-01 -3.550219e-01 -2.642497e+00 -6.759303e-01 -2.238037e+00 -2.401120e-01 -1.395613e-01 4.403540e-01 -9.642016e-01 -1.313237e+00 -1.357168e-01 4.668029e-02 -1.121335e-01 -4.295844e-01 -1.894453e-02 1.535597e-01 3.510198e-01 -2.096888e-01 -2.395442e-01 -1.536014e-03 -4.325402e-02 5.888515e-03 2.118782e-01
<Variance> 25
 3.753065e+01 4.690371e+01 8.130698e+01 5.031717e+01 6.701800e+01 6.235750e+01 5.844523e+01 6.634656e+01 6.250115e+01 5.528792e+01 5.088078e+01 3.614972e+01 3.063828e+00 3.318791e+00 4.610811e+00 4.385135e+00 5.738569e+00 4.580245e+00 4.717249e+00 5.313804e+00 5.081895e+00 4.358449e+00 4.166592e+00 3.137014e+00 4.604643e+00
<GConst> 1.130141e+02
<TransP> 5
 0.000000e+00 1.000000e+00 0.000000e+00 0.000000e+00 0.000000e+00
 0.000000e+00 3.184314e-01 6.815686e-01 0.000000e+00 0.000000e+00
 0.000000e+00 0.000000e+00 1.841805e-01 8.158194e-01 0.000000e+00
 0.000000e+00 0.000000e+00 0.000000e+00 6.209965e-01 3.790036e-01
 0.000000e+00 0.000000e+00 0.000000e+00 0.000000e+00 0.000000e+00
<EndHMM>
~h "s"
<BeginHMM>
<NumStates> 5
<State> 2
<Mean> 25
 -1.015678e+01 8.224097e+00 1.731132e+00 6.995515e-01 6.751378e+00 -2.668276e+00 1.409971e+00 2.898787e+00 2.189025e+00 -1.942412e+00 1.529812e+00 5.024343e-01 -5.113616e+00 2.219985e+00 -2.924388e-01 2.265494e-02 1.560797e+00 3.194828e-01 3.751290e-01 1.257155e+00 7.216369e-01 2.382835e-01 1.022441e+00 5.290278e-01 -5.368087e-01
<Variance> 25
 6.306190e+01 3.267253e+01 3.166112e+01 2.905729e+01 4.037014e+01 5.288544e+01 5.703820e+01 6.310330e+01 5.762654e+01 4.369000e+01 3.450262e+01 2.441080e+01 4.234764e+00 5.072917e+00 3.525664e+00 3.181788e+00 5.131669e+00 3.706780e+00 4.000432e+00 4.029775e+00 3.957439e+00 3.540234e+00 4.120751e+00 2.722226e+00 1.386872e+00
<GConst> 1.074186e+02
<State> 3
<Mean> 25
 -1.739305e+01 7.100423e+00 -1.761987e+00 8.610150e-01 5.796586e+00 -1.934483e+00 1.751340e+00 3.869432e+00 2.219280e+00 -8.544534e-01 3.327050e+00 1.869122e+00 2.804275e-01 -5.348628e-01 -1.740527e-01 2.887720e-01 -3.021504e-01 4.546348e-03 2.367466e-01 -1.261807e-01 -2.408239e-01 4.392486e-02 -2.263795e-02 6.248653e-02 -7.113810e-01
<Variance> 25
 4.952249e+01 4.271376e+01 2.935834e+01 3.292578e+01 4.322155e+01 4.522858e+01 5.425488e+01 4.347528e+01 4.538750e+01 3.324657e+01 4.410589e+01 2.440654e+01 5.134394e+00 2.014141e+00 2.325636e+00 1.890519e+00 2.113664e+00 2.400801e+00 3.004690e+00 2.866733e+00 2.760189e+00 2.497723e+00 2.133913e+00 1.723273e+00 2.179532e+00
<GConst> 1.017289e+02
<State> 4
<Mean> 25
 -7.670671e+00 5.037999e+00 1.060281e+00 2.792573e+00 2.030116e+00 -2.579975e+00 2.719543e+00 3.844723e-01 -3.639089e-01 -1.295667e+00 1.039001e+00 6.365588e-01 3.659177e+00 -7.730817e-01 9.748198e-01 -1.828559e-01 -1.678818e+00 -4.235818e-01 -6.396859e-01 -1.732415e+00 -8.892440e-01 -1.182275e-01 -8.139004e-01 -5.067676e-01 4.596415e-01
<Variance> 25
 6.742977e+01 3.207331e+01 4.554844e+01 2.882834e+01 5.649863e+01 4.653769e+01 5.360810e+01 5.537413e+01 4.369093e+01 3.470359e+01 3.784282e+01 2.318421e+01 6.223886e+00 4.455115e+00 4.875559e+00 3.574537e+00 4.627959e+00 3.980229e+00 5.108293e+00 5.058769e+00 4.658068e+00 4.143351e+00 4.867892e+00 2.572997e+00 5.066533e+00
<GConst> 1.102338e+02
<TransP> 5
 0.000000e+00 1.000000e+00 0.000000e+00 0.000000e+00 0.000000e+00
 0.000000e+00 5.516133e-01 4.483867e-01 0.000000e+00 0.000000e+00
 0.000000e+00 0.000000e+00 7.853388e-01 2.146612e-01 0.000000e+00
 0.000000e+00 0.000000e+00 0.000000e+00 6.046734e-01 3.953266e-01
 0.000000e+00 0.000000e+00 0.000000e+00 0.000000e+00 0.000000e+00
<EndHMM>
~h "t"
<BeginHMM>
<NumStates> 5
<State> 2
<Mean> 25
 -5.566312e+00 4.415629e+00 2.291571e+00 2.090084e+00 2.376242e+00 -3.217283e+00 3.510317e-01 -2.106994e-01 1.160077e-01 -1.650670e-01 1.030858e+00 9.181890e-01 -1.202296e+00 -6.066468e-01 -6.439244e-01 -2.818294e-01 3.762272e-01 3.812649e-01 2.557374e-01 5.098287e-01 2.048478e-02 -3.968859e-02 4.978765e-01 2.071095e-01 1.178126e+00
<Variance> 25
 7.113723e+01 4.078555e+01 4.843710e+01 3.417651e+01 5.229075e+01 4.954736e+01 4.367582e+01 4.853904e+01 4.356859e+01 3.490246e+01 3.696791e+01 2.452059e+01 6.245820e+00 4.266437e+00 4.384513e+00 2.833043e+00 4.112369e+00 4.295891e+00 3.837282e+00 4.119874e+00 3.443435e+00 3.163819e+00 3.804214e+00 2.418791e+00 8.734381e+00
<GConst> 1.091963e+02
<State> 3
<Mean> 25
 -7.403843e+00 -1.148846e-01 -1.290806e+00 1.106237e+00 3.683733e+00 -4.597825e-02 2.744263e+00 2.828209e+00 6.240039e-01 -7.516485e-02 3.011355e+00 1.593081e+00 1.497252e+00 -7.938977e-01 -9.086979e-01 -5.052162e-01 -1.492173e+00 -1.321982e-01 -3.560124e-01 2.673762e-01 3.354881e-01 -8.908141e-02 -3.941533e-01 -1.755346e-01 4.498495e+00
<Variance> 25
 2.576572e+01 2.256075e+01 2.606628e+01 2.451540e+01 3.122511e+01 3.155062e+01 3.303484e+01 2.968944e+01 2.819794e+01 2.480609e+01 4.893562e+01 2.085776e+01 4.979445e+00 4.091620e+00 6.855045e+00 3.692124e+00 5.442639e+00 4.943577e+00 5.339561e+00 5.975948e+00 5.538664e+00 4.802794e+00 5.099311e+00 3.067689e+00 4.959614e+00
<GConst> 1.066649e+02
<State> 4
<Mean> 25
 1.641707e+00 4.974223e-01 -1.223212e+00 1.197175e-01 -3.172532e+00 -4.065572e+00 -1.628336e+00 1.951133e-01 1.145645e+00 -1.109428e-01 -8.971615e-01 -1.171531e-01 2.787276e+00 -8.634888e-01 -4.061455e-01 -1.048428e+00 -2.494874e+00 -4.861670e-01 -1.334024e+00 -8.870087e-01 2.005937e-01 2.327397e-01 -1.122535e+00 -7.440266e-01 2.207893e+00
<Variance> 25
 2.159836e+01 2.716663e+01 5.364897e+01 3.272429e+01 5.401156e+01 3.961148e+01 4.716901e+01 4.582241e+01 4.399029e+01 4.013937e+01 3.725212e+01 2.087414e+01 2.615431e+00 4.367573e+00 7.067841e+00 4.073049e+00 5.446280e+00 5.070322e+00 5.510875e+00 6.618495e+00 5.857897e+00 5.658391e+00 8.432176e+00 3.611923e+00 2.612175e+00
<GConst> 1.098594e+02
<TransP> 5
 0.000000e+00 1.000000e+00 0.000000e+00 0.000000e+00 0.000000e+00
 0.000000e+00 6.515284e-01 3.484716e-01 0.000000e+00 0.000000e+00
 0.000000e+00 0.000000e+00 4.083519e-01 5.916481e-01 0.000000e+00
 0.000000e+00 0.000000e+00 0.000000e+00 3.691283e-01 6.308717e-01
 0.000000e+00 0.000000e+00 0.000000e+00 0.000000e+00 0.000000e+00
<EndHMM>
~h "u"
<BeginHMM>
<NumStates> 5
<State> 2
<Mean> 25
 7.271955e+00 5.362232e+00 -4.572912e+00 -3.943637e+00 -1.440374e+00 4.245420e+00 -5.695287e+00 -6.772614e+00 -5.132395e+00 -6.457331e-01 1.312507e+00 -1.004371e+00 1.714749e+00 9.528704e-01 -7.560429e-01 -1.895295e+00 -1.461437e+00 1.394043e+00 -2.315807e-01 -1.229638e+00 -1.744760e+00 -3.648217e-01 5.751101e-01 1.684110e-01 4.745671e-01
<Variance> 25
 1.785701e+01 3.959983e+01 3.576833e+01 5.381530e+01 5.427340e+01 4.713613e+01 7.589913e+01 6.977195e+01 5.480950e+01 6.238906e+01 4.509850e+01 3.505465e+01 3.165165e+00 3.288687e+00 3.675317e+00 4.360447e+00 5.592327e+00 4.623481e+00 6.319767e+00 6.728314e+00 5.601799e+00 6.005857e+00 4.966664e+00 3.477259e+00 3.372715e+00
<GConst> 1.116955e+02
<State> 3
<Mean> 25
 9.161909e+00 6.413575e+00 -5.359100e+00 -7.646473e+00 -5.035004e+00 7.616038e+00 -3.916580e+00 -6.018349e+00 -7.772125e+00 -3.851107e+00 1.447041e+00 -1.705809e+00 4.678234e-02 -4.181002e-01 1.679248e-01 6.173074e-01 2.264830e-01 2.069088e-01 -1.057307e-01 -5.776396e-01 3.718017e-02 1.006029e-01 5.889341e-02 -1.352042e-01 -3.239338e-02
<Variance> 25
 1.108249e+01 3.663413e+01 3.085397e+01 5.322609e+01 5.304514e+01 4.690751e+01 6.423222e+01 5.952391e+01 6.153414e+01 7.483360e+01 5.396346e+01 4.717501e+01 6.166490e-01 2.306476e+00 1.924655e+00 3.864703e+00 3.894309e+00 2.918713e+00 4.369980e+00 5.184163e+00 4.391600e+00 4.458632e+00 3.696364e+00 3.255683e+00 1.610382e+00
<GConst> 1.055510e+02
<State> 4
<Mean> 25
 7.664815e+00 3.466620e+00 -2.468623e+00 -1.868407e-01 2.760099e-01 4.187666e+00 -6.627376e+00 -9.152952e+00 -3.385789e+00 -3.032377e-01 4.987778e-01 -1.736681e+00 -8.275890e-01 -2.770501e-01 1.680595e+00 1.840261e+00 1.231235e+00 -1.722640e+00 4.112850e-01 5.396153e-01 1.566075e+00 -3.947167e-02 -1.134382e+00 -1.666966e-01 -9.372373e-01
<Variance> 25
 1.477007e+01 3.547672e+01 4.115435e+01 4.544530e+01 5.527454e+01 5.313856e+01 8.390990e+01 6.495811e+01 5.479103e+01 6.078593e+01 5.308894e+01 3.853157e+01 2.085542e+00 2.897857e+00 3.118798e+00 3.877062e+00 5.046094e+00 4.884907e+00 6.640066e+00 7.041809e+00 6.071613e+00 6.215381e+00 4.739878e+00 3.428618e+00 2.665068e+00
<GConst> 1.108056e+02
<TransP> 5
 0.000000e+00 1.000000e+00 0.000000e+00 0.000000e+00 0.000000e+00
 0.000000e+00 4.438126e-01 5.561874e-01 0.000000e+00 0.000000e+00
 0.000000e+00 0.000000e+00 6.864658e-01 3.135342e-01 0.000000e+00
 0.000000e+00 0.000000e+00 0.000000e+00 5.473413e-01 4.526587e-01
 0.000000e+00 0.000000e+00 0.000000e+00 0.000000e+00 0.000000e+00
<EndHMM>
~h "w"
<BeginHMM>
<NumStates> 5
<State> 2
<Mean> 25
 9.828320e+00 5.007342e+00 -7.006690e+00 -9.674497e+00 -3.005424e+00 7.221661e+00 -2.901120e+00 -3.140669e+00 -6.227470e+00 -3.044154e-01 1.342541e+00 2.742222e-01 7.152322e-01 3.675124e-02 -5.772098e-01 -1.092958e+00 -4.161812e-01 9.476827e-01 -4.085831e-01 -9.102699e-01 -1.005780e+00 3.732844e-01 8.018887e-01 3.335980e-01 5.160638e-01
<Variance> 25
 1.359551e+01 3.549378e+01 3.229520e+01 6.413873e+01 5.065364e+01 4.336942e+01 4.905403e+01 4.519851e+01 6.094762e+01 7.736561e+01 4.891293e+01 3.477163e+01 1.734391e+00 3.622389e+00 3.221695e+00 5.556929e+00 4.249205e+00 3.810140e+00 5.185112e+00 5.663226e+00 4.990811e+00 6.550482e+00 5.665258e+00 3.486845e+00 3.806216e+00
<GConst> 1.097522e+02
<State> 3
<Mean> 25
 9.339118e+00 5.021861e-01 -9.733095e+00 -9.046236e+00 -7.917368e-01 7.843205e+00 -6.658666e+00 -6.333342e+00 -5.346206e+00 5.764611e+00 3.860115e+00 -1.459696e+00 -6.051921e-01 -1.941800e+00 -4.792671e-02 1.500116e+00 8.496677e-01 -1.312350e+00 -1.747468e+00 2.238565e-01 2.508116e+00 1.542039e+00 -9.112653e-01 -1.807686e+00 1.069875e+00
<Variance> 25
 1.207222e+01 2.987004e+01 3.745908e+01 5.495512e+01 4.171616e+01 4.601982e+01 6.550497e+01 4.178406e+01 6.146018e+01 8.060230e+01 6.506579e+01 4.171927e+01 8.703282e-01 2.496248e+00 2.520195e+00 5.121929e+00 4.354351e+00 4.690864e+00 5.534264e+00 5.254739e+00 5.000058e+00 5.918447e+00 4.966348e+00 3.026179e+00 2.253917e+00
<GConst> 1.079842e+02
<State> 4
<Mean> 25
 7.119429e+00 -3.521561e+00 -6.538591e+00 -2.873748e+00 -3.689399e-01 1.748079e-01 -8.582461e+00 -9.774988e-01 1.966080e+00 4.425054e+00 -3.471210e+00 -4.707435e+00 -8.079082e-01 -7.067585e-01 1.626583e+00 1.618310e+00 -6.556174e-01 -2.023285e+00 7.574292e-01 1.567363e+00 1.015005e+00 -1.635943e+00 -1.125036e+00 2.558079e-01 1.736150e-03
<Variance> 25
 1.285944e+01 3.688858e+01 4.395900e+01 5.159357e+01 5.573734e+01 5.837058e+01 6.745654e+01 5.623898e+01 4.613074e+01 6.303536e+01 6.394500e+01 3.754409e+01 1.129107e+00 2.150185e+00 3.074069e+00 4.292444e+00 6.278540e+00 4.651591e+00 5.013300e+00 5.486581e+00 5.625963e+00 5.859383e+00 4.784082e+00 3.353020e+00 2.293463e+00
<GConst> 1.091791e+02
<TransP> 5
 0.000000e+00 1.000000e+00 0.000000e+00 0.000000e+00 0.000000e+00
 0.000000e+00 6.502533e-01 3.497467e-01 0.000000e+00 0.000000e+00
 0.000000e+00 0.000000e+00 4.932271e-01 5.067729e-01 0.000000e+00
 0.000000e+00 0.000000e+00 0.000000e+00 5.287759e-01 4.712242e-01
 0.000000e+00 0.000000e+00 0.000000e+00 0.000000e+00 0.000000e+00
<EndHMM>
~h "x"
<BeginHMM>
<NumStates> 5
<State> 2
<Mean> 25
 -5.537069e+00 8.233632e-02 -6.914654e+00 -9.859934e-01 1.073603e+01 4.481054e+00 -1.292830e+00 3.609335e+00 1.003001e+00 2.350983e+00 9.678608e-01 4.296743e-01 -2.155813e+00 -5.799797e-01 -9.196010e-01 1.119258e-01 9.824105e-01 -3.276772e-01 -3.843419e-01 7.936069e-01 2.738326e-01 3.614129e-01 2.884647e-01 3.099159e-01 -4.470358e-01
<Variance> 25
 2.799818e+01 3.578988e+01 8.375316e+01 6.564659e+01 6.414068e+01 5.896265e+01 4.955921e+01 5.048882e+01 5.070453e+01 4.801165e+01 3.902961e+01 3.425408e+01 3.693750e+00 3.106870e+00 4.258188e+00 4.120299e+00 5.270585e+00 4.720277e+00 4.902011e+00 5.185553e+00 4.527512e+00 4.803132e+00 4.149765e+00 3.050097e+00 1.727337e+00
<GConst> 1.104462e+02
<State> 3
<Mean> 25
 -1.109618e+01 -2.563231e+00 -3.230432e+00 1.354748e+00 7.300352e+00 9.227716e-01 1.671891e+00 4.846584e+00 2.184659e+00 1.144976e+00 1.477066e+00 1.462746e+00 -8.456139e-02 3.967360e-02 9.073944e-02 -8.365243e-02 -3.414012e-01 1.495234e-01 3.864340e-01 -1.993411e-01 -1.239308e-01 -7.209107e-02 -5.146359e-02 -5.536651e-02 -2.325354e-01
<Variance> 25
 2.471728e+01 4.325976e+01 5.554766e+01 4.865828e+01 5.904837e+01 4.484044e+01 3.993716e+01 4.619394e+01 4.094566e+01 3.462211e+01 4.282661e+01 2.786481e+01 1.766305e+00 1.546228e+00 1.950603e+00 1.715175e+00 2.292094e+00 2.178357e+00 2.466797e+00 2.730238e+00 2.628185e+00 2.539711e+00 2.295222e+00 1.797983e+00 1.101735e+00
<GConst> 9.970704e+01
<State> 4
<Mean> 25
 -3.444489e+00 3.266012e-01 -2.050238e+00 -3.832435e-01 3.082562e+00 9.083095e-01 2.026889e+00 8.718234e-01 -1.841460e-01 -4.280289e-01 -6.670755e-01 -4.855339e-02 3.481766e+00 4.717444e-01 1.286605e+00 -7.990491e-01 -3.092951e+00 -5.618730e-01 -3.555682e-01 -1.566140e+00 -1.121138e+00 -5.982890e-01 -4.914921e-01 -5.409331e-01 1.711820e+00
<Variance> 25
 5.230127e+01 4.587557e+01 8.649429e+01 4.923689e+01 8.238578e+01 5.912557e+01 4.100687e+01 4.873630e+01 4.313418e+01 3.765473e+01 3.699823e+01 2.595658e+01 2.308429e+00 4.689370e+00 5.174444e+00 4.654623e+00 4.587459e+00 4.005894e+00 5.396626e+00 5.450412e+00 4.799568e+00 4.983860e+00 5.291445e+00 2.989194e+00 2.206861e+00
<GConst> 1.110213e+02
<TransP> 5
 0.000000e+00 1.000000e+00 0.000000e+00 0.000000e+00 0.000000e+00
 0.000000e+00 6.685356e-01 3.314644e-01 0.000000e+00 0.000000e+00
 0.000000e+00 0.000000e+00 7.794572e-01 2.205428e-01 0.000000e+00
 0.000000e+00 0.000000e+00 0.000000e+00 6.735323e-01 3.264677e-01
 0.000000e+00 0.000000e+00 0.000000e+00 0.000000e+00 0.000000e+00
<EndHMM>
~h "@@"
<BeginHMM>
<NumStates> 5
<State> 2
<Mean> 25
 1.308898e-01 4.407695e+00 6.164397e+00 6.873693e+00 7.475672e+00 4.561427e+00 4.186729e+00 4.201140e+00 1.741775e+00 1.273039e+00 9.617083e-01 1.557271e+00 -1.619423e-02 1.043634e-02 -3.279839e-02 5.478944e-03 1.722939e-02 1.546016e-02 3.575483e-02 6.282187e-02 6.958365e-02 7.696594e-02 6.463683e-02 4.477917e-02 -2.016013e-01
<Variance> 25
 2.126154e+01 2.176566e+01 2.308778e+01 1.991090e+01 3.025919e+01 2.574180e+01 2.606204e+01 2.808623e+01 2.837764e+01 3.427613e+01 2.385568e+01 2.036270e+01 5.060064e-01 6.810029e-01 8.187946e-01 1.032827e+00 1.389741e+00 1.594536e+00 1.682364e+00 1.682619e+00 1.729305e+00 1.762614e+00 1.596402e+00 1.414849e+00 1.123005e+00
<GConst> 8.718272e+01
<State> 3
<Mean> 25
 1.086255e+00 -3.444057e+00 -3.643520e+00 -3.258229e-01 -8.367449e-01 -3.860886e+00 -1.409535e+00 -1.715146e+00 1.360691e+00 -8.020979e-01 -2.063041e+00 -1.300302e+00 2.222299e-04 -5.159181e-02 -3.214992e-02 -2.652035e-02 -1.614371e-02 -2.575523e-04 1.191752e-03 1.708912e-02 4.146176e-02 6.320528e-04 -1.589914e-02 -7.865106e-03 -2.520481e-02
<Variance> 25
 4.315716e+01 4.429416e+01 5.611147e+01 6.371170e+01 9.073957e+01 9.802730e+01 7.625025e+01 8.956502e+01 7.786357e+01 7.703717e+01 6.634733e+01 5.945661e+01 2.931134e+00 3.264597e+00 3.671888e+00 4.657755e+00 7.194716e+00 7.198976e+00 5.487810e+00 6.689366e+00 5.825801e+00 5.753626e+00 5.224271e+00 4.362719e+00 6.939074e+00
<GConst> 1.178098e+02
<State> 4
<Mean> 25
 -3.438959e+00 -4.581628e+00 -2.404894e+00 2.605282e+00 5.370144e+00 2.135802e+00 2.705307e+00 5.378086e+00 6.070327e+00 3.298659e+00 9.674025e-01 2.855415e+00 -8.214511e-02 1.378426e-02 -5.454756e-02 -6.563910e-02 -6.723020e-02 -2.995613e-02 8.164489e-03 -2.072649e-02 -2.503311e-02 7.587002e-02 8.176615e-02 6.651142e-02 -2.831582e-01
<Variance> 25
 2.533042e+01 3.098257e+01 3.000614e+01 3.095626e+01 4.019671e+01 4.613441e+01 3.844774e+01 4.234581e+01 4.203744e+01 4.513235e+01 3.812264e+01 3.876007e+01 7.933050e-01 1.215401e+00 1.219859e+00 1.472366e+00 1.921122e+00 2.026465e+00 2.090768e+00 2.203301e+00 2.328192e+00 2.387842e+00 2.301816e+00 2.050672e+00 1.685724e+00
<GConst> 9.643859e+01
<TransP> 5
 0.000000e+00 1.000000e+00 0.000000e+00 0.000000e+00 0.000000e+00
 0.000000e+00 9.357172e-01 6.428280e-02 0.000000e+00 0.000000e+00
 0.000000e+00 0.000000e+00 9.691849e-01 3.081512e-02 0.000000e+00
 0.000000e+00 0.000000e+00 0.000000e+00 9.494476e-01 5.055247e-02
 0.000000e+00 0.000000e+00 0.000000e+00 0.000000e+00 0.000000e+00
<EndHMM>
~h "gb"
<BeginHMM>
<NumStates> 5
<State> 2
<Mean> 25
 -9.459826e-01 -2.106107e+00 -7.696422e-01 2.213093e+00 1.987303e+00 -8.873173e-02 2.135792e+00 1.548524e+00 1.299557e+00 1.166787e+00 1.021243e-01 9.193838e-01 -5.193358e-01 -6.657350e-01 -1.750853e-01 -9.066363e-03 1.038784e-01 2.546829e-01 2.749587e-01 2.303661e-01 3.651421e-01 1.876438e-01 1.655007e-01 3.517828e-01 4.557650e-01
<Variance> 25
 3.683869e+01 4.732921e+01 4.608090e+01 3.961518e+01 7.411605e+01 8.970763e+01 6.080256e+01 6.337820e+01 6.381385e+01 4.714000e+01 4.415673e+01 4.602086e+01 2.880463e+00 3.915057e+00 3.138692e+00 3.178994e+00 4.835471e+00 5.671469e+00 4.677477e+00 5.139376e+00 4.803153e+00 4.146191e+00 4.531175e+00 4.155718e+00 7.061514e+00
<GConst> 1.127009e+02
<State> 3
<Mean> 25
 -2.464801e+00 -3.789495e+00 -1.123502e+00 1.528411e+00 1.925994e+00 3.731516e-01 1.748940e+00 1.509659e+00 1.985242e+00 1.205879e+00 3.370457e-01 1.226982e+00 -4.049289e-01 -1.055849e-01 -2.593974e-02 -5.276787e-02 1.911342e-01 1.422939e-01 9.218860e-02 1.644569e-01 7.976720e-02 4.982996e-02 1.098620e-02 1.124151e-01 3.104505e-01
<Variance> 25
 4.376356e+01 5.222719e+01 4.347382e+01 3.853011e+01 6.358541e+01 6.689674e+01 5.291703e+01 5.676299e+01 5.887506e+01 4.266932e+01 4.302206e+01 4.406214e+01 2.176663e+00 2.726155e+00 2.194990e+00 2.303250e+00 3.560832e+00 3.793385e+00 3.282552e+00 3.493123e+00 3.664741e+00 3.146888e+00 3.219932e+00 2.644401e+00 4.799553e+00
<GConst> 1.074436e+02
<State> 4
<Mean> 25
 -5.169115e+00 -4.176164e+00 -1.051341e+00 1.139671e+00 3.286607e+00 8.617896e-01 2.502373e+00 3.017374e+00 2.802717e+00 2.041929e+00 6.029345e-01 2.821883e+00 5.971261e-02 1.620302e-01 6.550153e-02 2.966500e-02 1.913444e-02 7.564932e-03 2.178465e-03 9.194738e-04 -5.095679e-02 -1.960613e-02 2.415370e-02 -4.418403e-03 -2.048868e-01
<Variance> 25
 3.935088e+01 4.262901e+01 3.481022e+01 3.717387e+01 4.692780e+01 4.760869e+01 4.601715e+01 4.568017e+01 4.258675e+01 3.868652e+01 3.419016e+01 3.395502e+01 1.246170e+00 1.416421e+00 1.295684e+00 1.395072e+00 2.060024e+00 2.253119e+00 2.232484e+00 2.329475e+00 2.312136e+00 2.242325e+00 2.122434e+00 1.861947e+00 2.161083e+00
<GConst> 9.849828e+01
<TransP> 5
 0.000000e+00 1.000000e+00 0.000000e+00 0.000000e+00 0.000000e+00
 0.000000e+00 8.919984e-01 1.080016e-01 0.000000e+00 0.000000e+00
 0.000000e+00 0.000000e+00 8.379647e-01 1.620353e-01 0.000000e+00
 0.000000e+00 0.000000e+00 0.000000e+00 9.558552e-01 4.414478e-02
 0.000000e+00 0.000000e+00 0.000000e+00 0.000000e+00 0.000000e+00
<EndHMM>
~h "r"
<BeginHMM>
<NumStates> 5
<State> 2
<Mean> 25
 6.928718e-01 -3.824605e+00 -6.225270e-01 2.375993e+00 2.489383e+00 -1.345464e+00 -3.114348e-01 4.645328e+00 2.705658e+00 -1.149508e-01 -1.130253e-02 -5.350069e-01 2.825013e-01 -2.433331e-01 -1.741342e-01 3.043791e-02 -6.095861e-04 -3.354453e-01 -3.000440e-01 1.993012e-01 2.118572e-01 1.537819e-01 -1.118564e-02 -5.256608e-02 2.832420e-01
<Variance> 25
 3.223162e+01 2.560103e+01 3.512701e+01 2.615721e+01 3.706871e+01 3.571233e+01 4.339842e+01 3.760636e+01 3.429580e+01 3.757850e+01 3.772124e+01 3.206326e+01 2.529926e+00 2.349633e+00 3.091123e+00 1.767974e+00 3.882941e+00 2.958287e+00 2.802607e+00 3.700387e+00 3.090316e+00 2.480227e+00 2.820343e+00 2.413716e+00 3.589915e+00
<GConst> 1.018246e+02
<State> 3
<Mean> 25
 6.811422e+00 -5.477112e+00 -5.481977e+00 3.938414e+00 -2.398732e-01 -3.594624e+00 -2.951571e+00 3.018759e+00 2.957441e+00 2.200301e+00 -6.437057e-01 -3.118462e+00 1.281845e+00 -1.053359e+00 -8.208483e-01 4.583859e-01 -1.678195e+00 -8.853540e-01 -1.315441e-01 3.428368e-02 -3.612272e-01 2.504880e-01 -1.221029e-01 -2.958378e-02 7.363781e-01
<Variance> 25
 1.509470e+01 1.890261e+01 4.702286e+01 2.588122e+01 4.084063e+01 3.940687e+01 3.831623e+01 3.792493e+01 3.837123e+01 4.527192e+01 3.448463e+01 2.797162e+01 1.654345e+00 1.745140e+00 3.460862e+00 2.133305e+00 4.630637e+00 3.060171e+00 2.941900e+00 3.626601e+00 3.571257e+00 3.137339e+00 3.638195e+00 2.938719e+00 1.215104e+00
<GConst> 1.007601e+02
<State> 4
<Mean> 25
 7.649216e+00 -7.836652e+00 -3.170442e+00 4.949734e+00 -6.016603e+00 -4.989955e+00 -1.956052e+00 3.106047e+00 8.272446e-01 1.681052e+00 -9.722558e-01 -1.213002e+00 -1.511648e-01 -2.682504e-01 1.030727e+00 -6.325610e-01 -1.405423e+00 -1.672543e-01 4.517680e-01 -2.962799e-01 -8.939793e-01 -3.566366e-02 -6.366242e-02 6.776563e-01 4.881568e-01
<Variance> 25
 1.312045e+01 2.337571e+01 6.174475e+01 3.412521e+01 6.134317e+01 5.887790e+01 4.914052e+01 5.196588e+01 5.184724e+01 4.813020e+01 4.561881e+01 3.612925e+01 1.011654e+00 1.570264e+00 2.623041e+00 2.562895e+00 4.778504e+00 4.043214e+00 3.438925e+00 4.185227e+00 4.147718e+00 4.935061e+00 3.051992e+00 2.516477e+00 1.177485e+00
<GConst> 1.038099e+02
<TransP> 5
 0.000000e+00 1.000000e+00 0.000000e+00 0.000000e+00 0.000000e+00
 0.000000e+00 6.090473e-01 3.909527e-01 0.000000e+00 0.000000e+00
 0.000000e+00 0.000000e+00 5.074759e-01 4.925242e-01 0.000000e+00
 0.000000e+00 0.000000e+00 0.000000e+00 5.564605e-01 4.435395e-01
 0.000000e+00 0.000000e+00 0.000000e+00 0.000000e+00 0.000000e+00
<EndHMM>
~h "sp"
<BeginHMM>
<NumStates> 3
<State> 2
~s "silst"
<TransP> 3
 0.000000e+00 1.405185e-01 8.594814e-01
 0.000000e+00 9.620082e-01 3.799179e-02
 0.000000e+00 0.000000e+00 0.000000e+00
<EndHMM>
~h "sil"
<BeginHMM>
<NumStates> 5
<State> 2
<Mean> 25
 -1.786032e+00 -1.840121e+00 1.009040e-01 8.601900e-01 3.050539e+00 1.312001e+00 1.976479e+00 2.012352e+00 6.325744e-01 -5.723643e-01 3.615438e-01 1.324083e+00 -2.994910e-01 2.257214e-01 2.023435e-01 3.099289e-01 3.659776e-01 1.303178e-01 2.640166e-01 2.097760e-01 1.144211e-01 1.220880e-01 1.829197e-01 1.812439e-01 -7.867594e-01
<Variance> 25
 5.728918e+01 4.603548e+01 5.454527e+01 4.360197e+01 6.887460e+01 5.602884e+01 5.475449e+01 5.541253e+01 4.812291e+01 4.716984e+01 4.823063e+01 3.402056e+01 1.970620e+00 2.402885e+00 2.207952e+00 2.279790e+00 2.573377e+00 2.598716e+00 2.672584e+00 2.911367e+00 2.933831e+00 2.752369e+00 2.527506e+00 2.133381e+00 2.565677e+00
<GConst> 1.048439e+02
<State> 3
~s "silst"
<State> 4
<Mean> 25
 -3.846682e+00 4.938487e-01 1.065784e+00 2.763106e+00 4.121012e+00 2.910427e+00 3.932787e+00 2.867579e+00 2.828179e+00 1.177137e+00 2.606818e+00 2.682558e+00 6.831164e-01 -1.576847e-01 6.772706e-02 -6.298178e-01 -1.059260e+00 -3.841146e-01 -7.109495e-01 -6.858466e-01 -3.938445e-01 -2.198691e-01 -4.305213e-01 -4.293237e-01 2.250252e+00
<Variance> 25
 5.474671e+01 5.489613e+01 6.279754e+01 5.230096e+01 8.854382e+01 5.928028e+01 6.307322e+01 5.747021e+01 4.847428e+01 4.403782e+01 4.477258e+01 3.293276e+01 6.268231e+00 5.949974e+00 5.564831e+00 5.778449e+00 7.345455e+00 5.384284e+00 6.046277e+00 5.956540e+00 4.975865e+00 4.613046e+00 4.846983e+00 3.337774e+00 1.175304e+01
<GConst> 1.165078e+02
<TransP> 5
 0.000000e+00 1.000000e+00 0.000000e+00 0.000000e+00 0.000000e+00
 0.000000e+00 8.280121e-01 7.977711e-02 9.221080e-02 0.000000e+00
 0.000000e+00 0.000000e+00 9.481868e-01 5.181321e-02 0.000000e+00
 0.000000e+00 1.812849e-01 0.000000e+00 6.948717e-01 1.238433e-01
 0.000000e+00 0.000000e+00 0.000000e+00 0.000000e+00 0.000000e+00
<EndHMM>
~h "dummy"
<BeginHMM>
<NumStates> 5
<State> 2
<Mean> 25
 -1.632040e+00 2.543899e+00 -2.982864e-01 8.979394e-01 5.735042e+00 9.484516e+00 5.541725e+00 2.022413e+00 9.319219e+00 1.324710e+00 -4.525824e-02 2.206978e+00 -1.941648e-04 1.523142e-03 2.843659e-04 -4.552801e-03 -1.029005e-04 -1.442783e-03 -1.573886e-03 -2.276876e-03 2.386637e-03 4.560287e-03 -1.709112e-03 1.819966e-03 8.414249e-04
<Variance> 25
 1.590757e+01 3.586568e+01 3.836834e+01 4.172993e+01 4.242700e+01 8.309127e+01 6.349709e+01 5.138315e+01 1.095305e+02 8.417519e+01 3.427214e+01 5.203077e+01 6.251435e-01 1.300340e+00 1.148355e+00 1.217645e+00 1.319993e+00 1.794834e+00 1.760712e+00 1.771608e+00 2.213235e+00 1.999868e+00 1.640571e+00 1.735691e+00 6.369676e-01
<GConst> 9.675645e+01
<State> 3
<Mean> 25
 9.663484e-01 6.920059e-01 1.338215e+00 -1.419320e-01 1.722771e+00 1.122261e+00 -5.561134e-01 2.711675e+00 9.872556e-02 1.176686e+00 1.160865e+00 -1.936149e+00 3.532332e-03 6.287390e-03 2.819489e-03 3.370387e-03 -2.413518e-03 -6.125278e-03 -7.854631e-04 -5.924367e-03 -5.998499e-03 1.921583e-04 -5.218539e-03 -1.210521e-02 4.761633e-03
<Variance> 25
 4.290941e+01 3.236289e+01 4.463516e+01 6.231589e+01 4.538432e+01 4.429181e+01 8.008060e+01 5.039339e+01 4.905548e+01 4.525363e+01 3.679045e+01 3.420335e+01 2.140306e+00 2.475278e+00 2.632667e+00 3.176277e+00 2.993893e+00 2.875587e+00 5.116282e+00 3.385231e+00 3.501131e+00 2.873900e+00 2.501362e+00 2.154613e+00 1.617411e+00
<GConst> 1.051351e+02
<State> 4
<Mean> 25
 2.067920e+00 -1.023639e+00 -1.106219e+00 -3.269161e+00 -3.076646e+00 -2.284666e+00 -2.208829e+00 -2.158983e+00 -3.877769e+00 -3.156595e+00 -4.240056e+00 -2.120616e+00 4.621774e-03 -6.751881e-03 -2.565212e-03 -3.052332e-03 -8.224863e-03 2.364795e-03 -1.788983e-03 9.654451e-04 -3.829692e-03 1.839985e-03 -3.207877e-04 -2.630290e-04 -1.642385e-03
<Variance> 25
 6.475861e+01 4.388636e+01 6.191281e+01 6.305311e+01 7.696586e+01 6.857639e+01 6.610506e+01 7.913662e+01 6.642896e+01 6.084548e+01 5.826720e+01 4.661823e+01 3.599305e+00 3.115398e+00 3.096882e+00 3.960273e+00 4.986140e+00 4.680219e+00 4.701312e+00 5.201672e+00 4.549770e+00 3.764607e+00 3.729394e+00 3.165325e+00 3.808019e+00
<GConst> 1.134311e+02
<TransP> 5
 0.000000e+00 1.000000e+00 0.000000e+00 0.000000e+00 0.000000e+00
 0.000000e+00 4.568559e-01 5.431441e-01 0.000000e+00 0.000000e+00
 0.000000e+00 0.000000e+00 8.214161e-01 1.785840e-01 0.000000e+00
 0.000000e+00 0.000000e+00 0.000000e+00 9.696085e-01 3.039152e-02
 0.000000e+00 0.000000e+00 0.000000e+00 0.000000e+00 0.000000e+00
<EndHMM>
